Dimension,Power,Time (Seconds)
50,100,0.8065
50,100,0.795
50,100,0.790999
50,100,0.788
50,100,0.804499
50,100,0.8
50,100,0.810498
50,100,0.803998
50,100,0.7905
50,100,0.8625
50,100,0.800999
50,100,0.805499
50,100,0.7915
50,100,0.8015
50,100,0.805001
50,100,0.806498
50,100,0.8235
50,100,0.848499
50,100,0.818498
50,100,0.855497
50,100,0.830499
50,100,0.827999
50,100,0.8195
50,100,0.824495
50,100,0.837999
50,100,0.839498
50,100,0.834496
50,100,0.821
50,100,0.826003
50,100,0.842499
50,200,1.680999
50,200,1.639
50,200,1.680998
50,200,1.66
50,200,1.655999
50,200,1.678999
50,200,1.672498
50,200,1.645499
50,200,1.671997
50,200,1.628996
50,200,1.618999
50,200,1.643999
50,200,1.639501
50,200,1.682985
50,200,1.627
50,200,1.573503
50,200,1.572499
50,200,1.5795
50,200,1.595498
50,200,1.591999
50,200,1.5845
50,200,1.600998
50,200,1.5885
50,200,1.596502
50,200,1.593497
50,200,1.589
50,200,1.573
50,200,1.570501
50,200,1.565999
50,200,1.5835
50,300,2.398
50,300,2.4015
50,300,2.403499
50,300,2.3865
50,300,2.432
50,300,2.388001
50,300,2.375
50,300,2.377001
50,300,2.3975
50,300,2.391499
50,300,2.3845
50,300,2.5265
50,300,2.383
50,300,2.3665
50,300,2.395499
50,300,2.373
50,300,2.397997
50,300,2.380999
50,300,2.411496
50,300,2.380499
50,300,2.435502
50,300,2.394
50,300,2.3585
50,300,2.385
50,300,2.383499
50,300,2.387499
50,300,2.364499
50,300,2.366999
50,300,2.3465
50,300,2.371008
50,400,3.170499
50,400,3.1905
50,400,3.198499
50,400,3.203
50,400,3.160999
50,400,3.166502
50,400,3.203499
50,400,3.214999
50,400,3.222503
50,400,3.225
50,400,3.1695
50,400,3.2285
50,400,3.195999
50,400,3.258
50,400,3.691999
50,400,3.208001
50,400,3.183498
50,400,3.183999
50,400,3.2305
50,400,3.203
50,400,3.2135
50,400,3.2015
50,400,3.187001
50,400,3.221924
50,400,3.186498
50,400,3.190499
50,400,3.220999
50,400,3.215499
50,400,3.180499
50,400,3.202002
50,500,3.9755
50,500,3.971999
50,500,4.000995
50,500,4.009499
50,500,3.96
50,500,4.005001
50,500,3.993999
50,500,4.006999
50,500,4.008502
50,500,4.034501
50,500,3.989
50,500,4.019498
50,500,4.003498
50,500,4.018
50,500,3.998999
50,500,3.985999
50,500,4.007499
50,500,3.990499
50,500,4.098501
50,500,3.994999
50,500,3.940999
50,500,4.0195
50,500,3.962998
50,500,3.980499
50,500,3.95
50,500,3.960999
50,500,3.987
50,500,3.956
50,500,3.950498
50,500,3.993001
50,600,4.753999
50,600,4.6985
50,600,4.666998
50,600,4.673997
50,600,4.695997
50,600,4.631997
50,600,4.700497
50,600,4.826499
50,600,4.875997
50,600,4.839498
50,600,4.88657
50,600,4.962433
50,600,4.820497
50,600,4.813497
50,600,4.890998
50,600,4.927998
50,600,4.868997
50,600,4.867999
50,600,4.875997
50,600,4.873997
50,600,4.839497
50,600,4.819498
50,600,4.898998
50,600,4.819997
50,600,4.856998
50,600,4.852999
50,600,4.8505
50,600,4.815997
50,600,4.852568
50,600,4.803997
50,700,5.7485
50,700,5.649497
50,700,5.713499
50,700,5.743999
50,700,5.691497
50,700,5.6745
50,700,5.760498
50,700,5.433497
50,700,5.432998
50,700,5.425497
50,700,5.437499
50,700,5.419203
50,700,5.4255
50,700,5.440498
50,700,5.447497
50,700,5.4855
50,700,5.4795
50,700,5.503498
50,700,5.450001
50,700,5.4685
50,700,5.473499
50,700,5.489996
50,700,5.538999
50,700,5.439998
50,700,5.502497
50,700,5.4525
50,700,5.4555
50,700,5.410499
50,700,5.434
50,700,5.438
50,800,6.216498
50,800,6.230491
50,800,6.232499
50,800,6.196998
50,800,6.239999
50,800,6.2235
50,800,6.216999
50,800,6.177998
50,800,6.182499
50,800,6.222999
50,800,6.208999
50,800,6.250499
50,800,6.279498
50,800,6.235999
50,800,6.2275
50,800,6.314492
50,800,6.3985
50,800,6.561498
50,800,6.550498
50,800,6.505999
50,800,6.5265
50,800,6.509997
50,800,6.49
50,800,6.430493
50,800,6.423
50,800,6.495499
50,800,6.590003
50,800,6.531498
50,800,6.499998
50,800,6.482998
50,900,7.272998
50,900,7.343999
50,900,7.205999
50,900,7.333
50,900,7.293499
50,900,7.293499
50,900,7.413499
50,900,7.323997
50,900,7.259499
50,900,7.332499
50,900,7.3445
50,900,7.304499
50,900,7.339498
50,900,7.312999
50,900,7.305499
50,900,7.323499
50,900,7.324998
50,900,7.220997
50,900,7.310501
50,900,7.265
50,900,7.3365
50,900,7.307499
50,900,7.328498
50,900,7.262
50,900,7.3815
50,900,7.2815
50,900,7.285
50,900,7.3365
50,900,7.274999
50,900,7.272499
50,1000,8.062499
50,1000,8.056499
50,1000,8.072499
50,1000,8.082499
50,1000,8.118499
50,1000,8.005499
50,1000,8.147999
50,1000,8.058499
50,1000,8.123499
50,1000,8.1195
50,1000,8.050999
50,1000,8.109999
50,1000,8.181999
50,1000,8.150499
50,1000,8.215499
50,1000,8.092
50,1000,8.125498
50,1000,8.094999
50,1000,8.112499
50,1000,8.164999
50,1000,8.111499
50,1000,8.111999
50,1000,8.126501
50,1000,8.043498
50,1000,8.1095
50,1000,8.039499
50,1000,8.131002
50,1000,7.888999
50,1000,7.841496
50,1000,7.9385
50,2000,15.597999
50,2000,15.971499
50,2000,16.155499
50,2000,16.138499
50,2000,16.205998
50,2000,16.358499
50,2000,16.22
50,2000,16.153499
50,2000,16.2055
50,2000,16.2275
50,2000,16.316501
50,2000,16.322501
50,2000,16.348998
50,2000,16.373498
50,2000,16.5405
50,2000,16.425501
50,2000,16.515
50,2000,16.432998
50,2000,16.4205
50,2000,16.495999
50,2000,16.550001
50,2000,16.559569
50,2000,16.428428
50,2000,16.241
50,2000,16.3125
50,2000,16.0635
50,2000,16.310999
50,2000,16.3245
50,2000,16.208
50,2000,16.278499
50,3000,24.438999
50,3000,24.523
50,3000,24.624501
50,3000,24.499999
50,3000,24.373
50,3000,24.602499
50,3000,24.855499
50,3000,24.542498
50,3000,24.482503
50,3000,24.516498
50,3000,24.376
50,3000,24.238
50,3000,23.619997
50,3000,23.723
50,3000,23.447499
50,3000,23.556495
50,3000,23.694
50,3000,23.878204
50,3000,23.453498
50,3000,23.324499
50,3000,23.555996
50,3000,23.4285
50,3000,23.4545
50,3000,23.398498
50,3000,23.623
50,3000,24.2315
50,3000,23.813999
50,3000,23.283
50,3000,24.390996
50,3000,23.914999
50,4000,31.460495
50,4000,31.179499
50,4000,31.327999
50,4000,31.287
50,4000,31.548495
50,4000,31.453999
50,4000,31.3305
50,4000,31.383501
50,4000,31.758995
50,4000,31.326719
50,4000,31.4795
50,4000,31.1885
50,4000,32.616
50,4000,32.594
50,4000,32.7965
50,4000,32.552
50,4000,32.8405
50,4000,32.4785
50,4000,32.8685
50,4000,32.4655
50,4000,32.8765
50,4000,32.437499
50,4000,32.930999
50,4000,32.719
50,4000,32.398
50,4000,32.4775
50,4000,32.627499
50,4000,32.499999
50,4000,31.576999
50,4000,31.696
50,5000,38.847
50,5000,39.2255
50,5000,38.9825
50,5000,38.933
50,5000,38.97
50,5000,38.9435
50,5000,38.8295
50,5000,39.028498
50,5000,40.520499
50,5000,41.401004
50,5000,39.994999
50,5000,39.411
50,5000,38.976
50,5000,39.048
50,5000,39.164
50,5000,39.105204
50,5000,39.143995
50,5000,39.371
50,5000,39.159
50,5000,39.3165
50,5000,38.989998
50,5000,39.181501
50,5000,39.374996
50,5000,39.303499
50,5000,39.279
50,5000,39.5525
50,5000,39.271499
50,5000,39.664997
50,5000,39.325996
50,5000,39.612
50,6000,47.1775
50,6000,47.025996
50,6000,47.301498
50,6000,47.072501
50,6000,47.399999
50,6000,47.289
50,6000,47.293996
50,6000,47.268999
50,6000,47.544
50,6000,47.155498
50,6000,46.998501
50,6000,47.817499
50,6000,47.208499
50,6000,47.2795
50,6000,47.687496
50,6000,47.393499
50,6000,47.8355
50,6000,47.551496
50,6000,47.336999
50,6000,47.726
50,6000,47.288999
50,6000,47.199
50,6000,47.859996
50,6000,47.480999
50,6000,47.4465
50,6000,47.407
50,6000,47.605
50,6000,47.446
50,6000,47.562998
50,6000,47.538
50,7000,55.252997
50,7000,55.103997
50,7000,55.114995
50,7000,55.3865
50,7000,55.21347
50,7000,55.477999
50,7000,55.233999
50,7000,54.994999
50,7000,55.221999
50,7000,55.427497
50,7000,55.076
50,7000,54.9755
50,7000,55.426499
50,7000,55.276499
50,7000,54.989499
50,7000,55.310499
50,7000,55.184999
50,7000,55.333998
50,7000,55.030997
50,7000,55.052997
50,7000,55.626997
50,7000,55.082997
50,7000,55.176496
50,7000,55.316498
50,7000,55.644499
50,7000,55.3285
50,7000,54.999998
50,7000,54.965999
50,7000,54.953
50,7000,54.797593
50,8000,62.785868
50,8000,62.753496
50,8000,62.857996
50,8000,63.073496
50,8000,63.502999
50,8000,62.936998
50,8000,63.246997
50,8000,63.022498
50,8000,63.194499
50,8000,62.936998
50,8000,63.069
50,8000,63.106999
50,8000,63.273999
50,8000,63.023999
50,8000,63.1195
50,8000,63.195999
50,8000,63.201999
50,8000,62.848999
50,8000,63.1415
50,8000,63.014998
50,8000,63.093498
50,8000,63.0625
50,8000,63.400999
50,8000,62.9215
50,8000,63.413996
50,8000,62.864
50,8000,63.419497
50,8000,63.0215
50,8000,62.937497
50,8000,62.952
50,9000,70.612497
50,9000,70.509998
50,9000,70.670998
50,9000,71.532999
50,9000,70.7845
50,9000,70.853499
50,9000,71.0585
50,9000,71.342499
50,9000,70.751998
50,9000,71.038
50,9000,71.0905
50,9000,71.508497
50,9000,71.150497
50,9000,71.387497
50,9000,71.080496
50,9000,71.393998
50,9000,70.931998
50,9000,71.216499
50,9000,71.523
50,9000,71.496495
50,9000,71.3815
50,9000,71.295999
50,9000,71.216
50,9000,71.526999
50,9000,71.405498
50,9000,71.616999
50,9000,71.1145
50,9000,71.570996
50,9000,71.424996
50,9000,70.989497
50,10000,78.783997
50,10000,78.581498
50,10000,78.710501
50,10000,78.591997
50,10000,78.926999
50,10000,79.383999
50,10000,78.508996
50,10000,79.149499
50,10000,78.881499
50,10000,78.550496
50,10000,78.588499
50,10000,78.923999
50,10000,78.832996
50,10000,79.029
50,10000,78.925999
50,10000,78.6095
50,10000,78.654
50,10000,78.912997
50,10000,78.668
50,10000,78.630001
50,10000,79.328495
50,10000,78.332
50,10000,78.518999
50,10000,78.993496
50,10000,78.975998
50,10000,79.528999
50,10000,79.167997
50,10000,78.850999
50,10000,78.845998
50,10000,78.8345
