4.35567
4.4484
4.49235
4.51266
4.52388
4.53462
4.53851
4.54061
4.54311
4.54255
4.54924
4.54861
4.54799
4.55023
4.55117
4.54824
4.54812
4.55134
4.54696
4.55501
4.54986
4.56104
4.55915
4.56759
4.57133
4.57617
4.58194
4.59424
4.59923
4.60495
4.61425
4.62513
4.63032
4.6384
4.64541
4.65057
4.66552
4.67335
4.6815
4.69139
4.7076
4.70654
4.72175
4.73423
4.7472
4.76667
4.78554
4.80066
4.82509
4.8561
4.87229
4.89836
4.93144
4.96776
5.00309
5.06084
5.1184
5.17439
5.22187
5.2314
5.23613
5.24008
5.27259
5.2866
5.30178
5.33164
5.31429
5.297
5.33329
5.32421
5.30877
5.29881
5.28158
5.30192
5.31508
5.32165
5.3526
5.35936
5.35507
5.35878
5.341
5.35381
5.36715
5.33576
5.34617
5.37198
5.37116
5.3528
5.34463
5.35468
5.35222
5.31899
5.33516
5.33103
5.35203
5.30702
5.30567
5.32134
5.35391
5.33252
5.34562
5.35575
5.37519
5.35694
5.35465
5.35176
5.32763
5.37042
5.36931
5.3659
5.3855
5.39229
5.40537
5.37883
5.37046
5.37912
5.40119
5.39679
5.39903
5.38403
5.39226
5.39139
5.36829
5.37294
5.34437
5.37458
5.36384
5.37573
5.35077
5.36693
5.37126
5.38741
5.39402
5.39346
5.38812
5.41237
5.41361
5.40806
5.41194
5.39722
5.42179
5.38326
5.41159
5.39481
5.39153
5.36665
5.40499
5.40638
5.39858
5.38053
5.41025
5.42627
5.4246
5.40608
5.42422
5.41732
5.40122
5.40525
5.40217
5.42665
5.40621
5.37324
5.39689
5.43321
5.41408
5.43865
5.45148
5.44813
5.40559
5.43429
5.4531
5.45099
5.43785
5.42015
5.42491
5.43961
5.448
5.45521
5.44485
5.42617
5.42538
5.42449
5.44503
5.42259
5.41253
5.44055
5.44887
5.43889
5.43547
5.40611
5.43097
5.4081
5.40479
5.45407
5.42815
5.40119
5.44047
5.43582
5.44153
5.42255
5.45194
5.43538
5.41627
5.43229
5.41693
5.43629
5.45196
5.43309
5.44877
5.44591
5.44641
5.40071
5.4283
5.41987
5.42421
5.44705
5.49184
5.46403
5.46467
5.46753
5.48254
5.46082
5.47348
5.48618
5.45223
5.49332
5.49265
5.49373
5.48018
5.48814
5.46837
5.46317
5.45256
5.4499
5.43963
5.46875
5.45963
5.49038
5.47536
5.46394
5.45275
5.45866
5.47359
5.47118
5.47822
5.43248
5.45701
5.46525
5.45576
5.47514
5.45909
5.45792
5.45024
5.47323
5.44169
5.47546
5.44234
5.46771
5.43021
5.43546
5.44627
5.47173
5.4498
5.4637
5.47417
5.50858
5.48454
5.47217
5.4989
5.47879
5.48329
5.48334
5.50856
5.47677
5.50141
5.47523
5.49014
5.48617
5.49822
5.46129
5.50385
5.48712
5.49669
5.49625
5.48295
5.51858
5.51273
5.50282
5.49611
5.47272
5.4961
5.45765
5.4777
5.47979
5.48905
5.49152
5.49902
5.48556
5.484
5.50491
5.51912
5.51485
5.50732
5.49632
5.48367
5.47022
5.47918
5.47426
5.47636
5.4983
5.52317
5.50195
5.52667
5.50979
5.51853
5.51594
5.52335
5.5134
5.50915
5.50754
5.51149
5.54284
5.52369
5.48422
5.50526
5.52284
5.49724
5.49947
5.46981
5.50848
5.46545
5.47127
5.4719
5.49876
5.50607
5.49614
5.50497
5.49282
5.50411
5.52773
5.49803
5.53177
5.52167
5.47799
5.48322
5.51518
5.53356
5.52713
5.5285
5.53129
5.51621
5.53031
5.53612
5.55716
5.52112
5.48623
5.51644
5.52534
5.51802
5.52942
5.52797
5.54472
5.50697
5.48579
5.51778
5.51726
5.54535
5.51951
5.54322
5.51785
5.51751
5.52564
5.51136
5.53377
5.5469
5.50331
5.5019
5.50194
5.49772
5.52648
5.51958
5.52132
5.51238
5.52807
5.52503
5.51523
5.49951
5.48346
5.50535
5.52527
5.51381
5.52203
5.55266
5.54108
5.55666
5.51569
5.53569
5.52325
5.54804
5.55772
5.55369
5.55574
5.52922
5.52986
5.53174
5.52478
5.54984
5.52623
5.50373
5.53054
5.53241
5.52762
5.55866
5.52292
5.53519
5.51215
5.53477
5.53799
5.54329
5.55095
5.5683
5.55258
5.5537
5.55897
5.53953
5.55668
5.53669
5.53372
5.54267
5.54395
5.54182
5.5432
5.51509
5.54976
5.56166
5.5543
5.54913
5.54621
5.54798
5.53012
5.50458
5.52519
5.53509
5.55109
5.53148
5.55265
5.54467
5.54197
5.55644
5.53871
5.54436
5.56101
5.56158
5.57128
5.55405
5.54389
5.55013
5.56685
5.53932
5.55648
5.51951
5.54688
5.537
5.56953
5.542
5.53518
5.55616
5.55138
5.55148
5.56688
5.55436
5.57818
5.56961
5.57138
5.57148
5.57369
5.56484
5.54868
5.55026
5.55197
5.54217
5.55968
5.5503
5.57079
5.56263
5.56637
5.57411
5.5532
5.54313
5.56334
5.55427
5.55925
5.52601
5.54584
5.57498
5.54672
5.56393
5.5493
5.55383
5.55816
5.55937
5.57263
5.56601
5.55781
5.54356
5.56603
5.53992
5.55688
5.53642
5.53769
5.5627
5.58439
5.55617
5.55046
5.5748
5.59056
5.58078
5.57045
5.58376
5.56706
5.55879
5.53273
5.54372
5.54181
5.5482
5.55173
5.57141
5.57439
5.56069
5.55267
5.55588
5.57896
5.55171
5.55273
5.56031
5.57
5.55904
5.55374
5.5547
5.59209
5.54981
5.57739
5.57766
5.5541
5.54484
5.53173
5.56962
5.57257
5.5502
5.55721
5.58729
5.56036
5.56738
5.55322
5.5743
5.52116
5.54048
5.54043
5.5533
5.56901
5.57259
5.58481
5.59478
5.56728
5.54379
5.5618
5.55974
5.57482
5.58675
5.55735
5.54864
5.56653
5.55259
5.56976
5.55847
5.56158
5.58328
5.58956
5.56715
5.59344
5.59487
5.54081
5.56667
5.55684
5.59497
5.57914
5.57743
5.56878
5.58305
5.58846
5.56282
5.54429
5.57279
5.57863
5.57311
5.59188
5.56485
5.56778
5.56081
5.57924
5.60967
5.5669
5.58803
5.5532
5.57303
5.58289
5.58423
5.59717
5.57238
5.57352
5.5823
5.57317
5.52929
5.5651
5.54492
5.58342
5.58213
5.56549
5.55684
5.58561
5.57479
5.54909
5.56784
5.59397
5.56931
5.59743
5.60466
5.56557
5.55211
5.59315
5.58518
5.59283
5.59294
5.57963
5.5525
5.5897
5.59656
5.59643
5.60202
5.59058
5.57405
5.56868
5.57758
5.57361
5.56979
5.5669
5.57969
5.59
5.61093
5.59146
5.54434
5.56984
5.58764
5.5876
5.59757
5.59293
5.54704
5.56426
5.5828
5.60846
5.60569
5.56462
5.57155
5.56997
5.59253
5.58883
5.58434
5.58475
5.59693
5.56913
5.58078
5.56197
5.57423
5.58929
5.58364
5.58415
5.56479
5.58294
5.59336
5.59695
5.61243
5.59683
5.61378
5.60431
5.59228
5.58557
5.57819
5.60046
5.60452
5.58147
5.57438
5.5565
5.55386
5.56205
5.56583
5.57458
5.57167
5.56919
5.58692
5.57664
5.57144
5.59749
5.6159
5.57774
5.58037
5.60612
5.57971
5.59485
5.58537
5.59769
5.55369
5.59431
5.59627
5.58534
5.60646
5.58062
5.59972
5.5953
5.57109
5.58007
5.60892
5.60592
5.57614
5.5667
5.57331
5.5942
5.60009
5.59984
5.60646
5.61741
5.60508
5.58716
5.58658
5.58582
5.59837
5.57026
5.57094
5.59396
5.57054
5.57964
5.57394
5.59946
5.58878
5.58706
5.6028
5.58929
5.58491
5.57638
5.58022
5.60126
5.60558
5.58885
5.59968
5.58735
5.58807
5.60012
5.57266
5.56618
5.579
5.56441
5.5906
5.57162
5.58067
5.61143
5.59617
5.60088
5.62329
5.61593
5.61146
5.61808
5.61556
5.57315
5.6043
5.60682
5.58095
5.57765
5.60889
5.59805
5.60559
5.6141
5.59402
5.62068
5.59466
5.62
5.58081
5.57951
5.57998
5.57708
5.594
5.59247
5.57783
5.61318
5.604
5.61192
5.58958
5.62774
5.6103
5.61281
5.57602
5.60921
5.5746
5.59417
5.59145
5.59309
5.59344
5.58146
5.61056
5.60279
5.60615
5.61182
5.61352
5.5894
5.60027
5.59619
5.61776
5.59957
5.60555
5.61828
5.61565
5.59433
5.60895
5.60224
5.62421
5.60217
5.59894
5.57767
5.60992
5.57718
5.58504
5.58302
5.58391
5.59822
5.59868
5.6184
5.61388
5.60862
5.60439
5.58184
5.62058
5.59766
5.60356
5.62986
5.61194
5.5919
5.60582
5.58512
5.59387
5.58112
5.58359
5.60263
5.58849
5.56993
5.60365
5.60466
5.59501
5.60989
5.58586
5.57861
5.5852
5.60545
5.61423
5.60507
5.57304
5.58999
5.57256
5.61517
5.61555
5.61812
5.61636
5.60007
5.60511
5.59676
5.5901
5.58361
5.60765
5.62714
5.59585
5.59829
5.62521
5.60867
5.6085
5.60821
5.57104
5.59767
5.59733
5.61212
5.60886
5.60326
5.59292
5.62482
5.59377
5.58109
5.59627
5.60652
5.58464
5.58278
5.61957
5.61571
5.61127
5.60055
5.61336
5.57471
5.57234
5.59475
5.60258
5.59748
5.61884
5.61749
5.62102
5.61362
5.60898
5.62139
5.6152
5.61884
5.60938
5.58619
5.58444
5.59291
5.6047
5.61785
5.61657
5.60236
5.59014
5.62142
5.61108
5.57107
5.59331
5.58092
5.61468
5.62338
5.6177
5.60689
5.59024
5.60912
5.61555
5.6365
5.59852
5.58248
5.61779
5.61382
5.61927
5.61323
5.60638
5.61886
5.60668
5.60905
5.59791
5.59528
5.60089
5.61088
5.58493
5.60374
5.6211
5.6119
5.59804
5.61333
5.61966
5.59328
5.60751
5.58687
5.59926
5.60115
5.60147
5.60316
5.61338
5.60744
5.61672
5.60346
5.60177
5.59473
5.59328
5.58644
5.61914
5.61068
5.61191
5.60998
5.60588
5.57765
5.60792
5.62354
5.62047
5.62112
5.61621
5.61581
5.58569
5.59686
5.62835
5.60251
5.63749
5.62631
5.60182
5.62574
5.63221
5.61351
5.62323
5.62828
5.60184
5.59162
5.59714
5.59061
