Dimension,Power,Time (Seconds)
50,100,0.047607
50,100,0.042126
50,100,0.041971
50,100,0.041905
50,100,0.041990
50,100,0.041770
50,100,0.042455
50,100,0.042084
50,100,0.041834
50,100,0.040813
50,100,0.041680
50,100,0.041906
50,100,0.041594
50,100,0.041740
50,100,0.041636
50,100,0.041794
50,100,0.041580
50,100,0.041617
50,100,0.041913
50,100,0.041853
50,100,0.041541
50,100,0.041935
50,100,0.041863
50,100,0.041564
50,100,0.041019
50,100,0.041955
50,100,0.041721
50,100,0.041409
50,100,0.042022
50,100,0.041874
50,200,0.083263
50,200,0.083278
50,200,0.084072
50,200,0.084567
50,200,0.083408
50,200,0.082934
50,200,0.084106
50,200,0.084625
50,200,0.083187
50,200,0.083780
50,200,0.082682
50,200,0.083763
50,200,0.083453
50,200,0.084293
50,200,0.082601
50,200,0.083497
50,200,0.083410
50,200,0.083606
50,200,0.082484
50,200,0.083668
50,200,0.084344
50,200,0.082932
50,200,0.083011
50,200,0.083759
50,200,0.084888
50,200,0.083659
50,200,0.083704
50,200,0.083417
50,200,0.083714
50,200,0.084593
50,300,0.124479
50,300,0.124297
50,300,0.124025
50,300,0.124102
50,300,0.123898
50,300,0.125565
50,300,0.123685
50,300,0.125771
50,300,0.124490
50,300,0.124284
50,300,0.124048
50,300,0.123906
50,300,0.125287
50,300,0.124312
50,300,0.124655
50,300,0.124745
50,300,0.123823
50,300,0.124620
50,300,0.124262
50,300,0.124192
50,300,0.125186
50,300,0.124075
50,300,0.123078
50,300,0.122115
50,300,0.123103
50,300,0.127696
50,300,0.123006
50,300,0.123944
50,300,0.125200
50,300,0.123714
50,400,0.166227
50,400,0.164635
50,400,0.163296
50,400,0.164066
50,400,0.162612
50,400,0.162031
50,400,0.161334
50,400,0.164998
50,400,0.165841
50,400,0.165264
50,400,0.165745
50,400,0.159372
50,400,0.166350
50,400,0.166576
50,400,0.167496
50,400,0.165268
50,400,0.168216
50,400,0.163912
50,400,0.163649
50,400,0.163732
50,400,0.166168
50,400,0.164516
50,400,0.167195
50,400,0.165210
50,400,0.165623
50,400,0.166940
50,400,0.165900
50,400,0.166106
50,400,0.165721
50,400,0.163136
50,500,0.205118
50,500,0.207436
50,500,0.206330
50,500,0.207991
50,500,0.206800
50,500,0.203578
50,500,0.207936
50,500,0.205682
50,500,0.208723
50,500,0.208534
50,500,0.206204
50,500,0.206936
50,500,0.208025
50,500,0.206043
50,500,0.207508
50,500,0.206135
50,500,0.207589
50,500,0.208004
50,500,0.206525
50,500,0.206666
50,500,0.206789
50,500,0.208127
50,500,0.205926
50,500,0.203968
50,500,0.204328
50,500,0.207053
50,500,0.206175
50,500,0.206957
50,500,0.205658
50,500,0.203581
50,600,0.249096
50,600,0.248717
50,600,0.245950
50,600,0.247130
50,600,0.249124
50,600,0.249317
50,600,0.247666
50,600,0.242576
50,600,0.247098
50,600,0.246592
50,600,0.247152
50,600,0.246176
50,600,0.245374
50,600,0.249218
50,600,0.246634
50,600,0.248473
50,600,0.246058
50,600,0.249927
50,600,0.249255
50,600,0.245565
50,600,0.247823
50,600,0.249031
50,600,0.247530
50,600,0.246923
50,600,0.250056
50,600,0.250465
50,600,0.246185
50,600,0.247358
50,600,0.244801
50,600,0.247396
50,700,0.291935
50,700,0.289492
50,700,0.289219
50,700,0.289324
50,700,0.291271
50,700,0.288028
50,700,0.292516
50,700,0.290529
50,700,0.286236
50,700,0.284516
50,700,0.291067
50,700,0.293997
50,700,0.296557
50,700,0.287857
50,700,0.291210
50,700,0.292093
50,700,0.288446
50,700,0.286111
50,700,0.290095
50,700,0.285929
50,700,0.285984
50,700,0.283971
50,700,0.290213
50,700,0.290607
50,700,0.291424
50,700,0.293734
50,700,0.287959
50,700,0.288845
50,700,0.287117
50,700,0.288762
50,800,0.328309
50,800,0.329361
50,800,0.322479
50,800,0.338651
50,800,0.327238
50,800,0.331370
50,800,0.329748
50,800,0.326229
50,800,0.333363
50,800,0.327533
50,800,0.337954
50,800,0.331388
50,800,0.340713
50,800,0.330764
50,800,0.330175
50,800,0.336258
50,800,0.327828
50,800,0.333444
50,800,0.329900
50,800,0.330570
50,800,0.330629
50,800,0.334928
50,800,0.331001
50,800,0.329890
50,800,0.328603
50,800,0.329534
50,800,0.328967
50,800,0.328939
50,800,0.324931
50,800,0.330252
50,900,0.374355
50,900,0.371484
50,900,0.372495
50,900,0.372686
50,900,0.372231
50,900,0.367011
50,900,0.373720
50,900,0.372319
50,900,0.374872
50,900,0.371698
50,900,0.372299
50,900,0.375829
50,900,0.368680
50,900,0.375774
50,900,0.375834
50,900,0.369320
50,900,0.369759
50,900,0.371064
50,900,0.381699
50,900,0.373320
50,900,0.374871
50,900,0.373320
50,900,0.374343
50,900,0.371415
50,900,0.369367
50,900,0.371399
50,900,0.370696
50,900,0.373821
50,900,0.375256
50,900,0.371625
50,1000,0.419570
50,1000,0.412186
50,1000,0.415292
50,1000,0.411173
50,1000,0.413900
50,1000,0.413981
50,1000,0.415302
50,1000,0.412156
50,1000,0.418505
50,1000,0.411553
50,1000,0.416214
50,1000,0.414413
50,1000,0.414593
50,1000,0.412678
50,1000,0.418171
50,1000,0.414968
50,1000,0.417743
50,1000,0.413625
50,1000,0.418419
50,1000,0.411690
50,1000,0.412862
50,1000,0.409802
50,1000,0.412872
50,1000,0.414717
50,1000,0.413499
50,1000,0.412593
50,1000,0.418780
50,1000,0.417396
50,1000,0.419287
50,1000,0.408367
50,2000,0.831295
50,2000,0.819064
50,2000,0.828340
50,2000,0.826768
50,2000,0.827120
50,2000,0.825158
50,2000,0.824168
50,2000,0.824893
50,2000,0.820792
50,2000,0.829571
50,2000,0.829229
50,2000,0.821446
50,2000,0.824147
50,2000,0.822888
50,2000,0.824666
50,2000,0.822387
50,2000,0.823343
50,2000,0.820202
50,2000,0.834441
50,2000,0.823008
50,2000,0.826519
50,2000,0.831301
50,2000,0.816753
50,2000,0.823967
50,2000,0.832457
50,2000,0.820804
50,2000,0.828866
50,2000,0.819476
50,2000,0.824399
50,2000,0.823633
50,3000,1.238253
50,3000,1.226816
50,3000,1.230688
50,3000,1.250599
50,3000,1.234281
50,3000,1.234684
50,3000,1.240600
50,3000,1.238163
50,3000,1.234140
50,3000,1.232856
50,3000,1.244195
50,3000,1.231665
50,3000,1.221659
50,3000,1.224991
50,3000,1.239801
50,3000,1.238316
50,3000,1.229879
50,3000,1.229557
50,3000,1.229221
50,3000,1.235814
50,3000,1.238762
50,3000,1.237041
50,3000,1.237969
50,3000,1.241813
50,3000,1.232627
50,3000,1.234045
50,3000,1.240725
50,3000,1.229908
50,3000,1.231850
50,3000,1.232701
50,4000,1.647538
50,4000,1.659367
50,4000,1.667256
50,4000,1.658859
50,4000,1.650957
50,4000,1.646983
50,4000,1.654518
50,4000,1.649822
50,4000,1.640656
50,4000,1.655739
50,4000,1.654088
50,4000,1.635670
50,4000,1.658457
50,4000,1.656942
50,4000,1.653950
50,4000,1.652417
50,4000,1.640775
50,4000,1.663125
50,4000,1.651154
50,4000,1.655769
50,4000,1.662362
50,4000,1.651525
50,4000,1.659280
50,4000,1.648732
50,4000,1.670838
50,4000,1.661154
50,4000,1.652715
50,4000,1.640513
50,4000,1.646641
50,4000,1.642237
50,5000,2.051289
50,5000,2.074298
50,5000,2.060147
50,5000,2.054758
50,5000,2.064169
50,5000,2.050377
50,5000,2.055490
50,5000,2.049589
50,5000,2.046767
50,5000,2.057698
50,5000,2.071951
50,5000,2.071159
50,5000,2.064087
50,5000,2.056423
50,5000,2.074871
50,5000,2.068740
50,5000,2.060971
50,5000,2.065395
50,5000,2.066927
50,5000,2.059953
50,5000,2.063475
50,5000,2.060882
50,5000,2.058843
50,5000,2.052995
50,5000,2.051428
50,5000,2.069262
50,5000,2.059969
50,5000,2.046605
50,5000,2.052894
50,5000,2.055174
50,6000,2.456387
50,6000,2.461467
50,6000,2.475233
50,6000,2.462017
50,6000,2.469544
50,6000,2.477926
50,6000,2.464266
50,6000,2.458393
50,6000,2.472571
50,6000,2.465324
50,6000,2.475699
50,6000,2.472717
50,6000,2.457230
50,6000,2.464778
50,6000,2.461053
50,6000,2.459648
50,6000,2.463202
50,6000,2.460267
50,6000,2.466516
50,6000,2.473530
50,6000,2.476194
50,6000,2.464519
50,6000,2.490840
50,6000,2.493194
50,6000,2.478348
50,6000,2.470291
50,6000,2.484691
50,6000,2.521795
50,6000,2.510559
50,6000,2.530369
50,7000,2.923042
50,7000,2.923903
50,7000,2.905395
50,7000,2.933797
50,7000,2.910399
50,7000,2.903490
50,7000,2.915326
50,7000,2.882123
50,7000,2.878445
50,7000,2.894825
50,7000,2.877606
50,7000,2.877753
50,7000,2.875891
50,7000,2.877007
50,7000,2.879225
50,7000,2.889013
50,7000,2.899183
50,7000,2.875693
50,7000,2.877472
50,7000,2.874531
50,7000,2.870418
50,7000,2.877495
50,7000,2.880966
50,7000,2.879856
50,7000,2.893249
50,7000,2.877708
50,7000,2.886265
50,7000,2.878319
50,7000,2.889440
50,7000,2.897111
50,8000,2.865821
50,8000,3.237318
50,8000,3.298899
50,8000,3.114794
50,8000,3.229657
50,8000,3.125836
50,8000,3.131224
50,8000,3.032834
50,8000,3.166453
50,8000,3.155561
50,8000,3.338886
50,8000,3.277238
50,8000,3.296825
50,8000,3.298785
50,8000,3.287174
50,8000,3.277198
50,8000,3.287031
50,8000,3.190379
50,8000,3.286186
50,8000,2.860236
50,8000,3.176797
50,8000,3.078817
50,8000,3.307006
50,8000,3.283527
50,8000,3.266752
50,8000,3.286371
50,8000,3.305972
50,8000,3.302410
50,8000,3.292865
50,8000,3.281414
50,9000,3.171008
50,9000,3.402022
50,9000,3.262845
50,9000,3.223479
50,9000,3.237959
50,9000,3.191074
50,9000,3.241073
50,9000,3.123153
50,9000,3.084255
50,9000,3.130498
50,9000,3.537386
50,9000,2.984681
50,9000,3.298921
50,9000,3.221416
50,9000,3.251788
50,9000,3.270872
50,9000,3.315059
50,9000,3.215231
50,9000,3.432783
50,9000,3.076631
50,9000,3.243620
50,9000,3.217956
50,9000,3.342917
50,9000,3.282670
50,9000,3.330399
50,9000,3.471934
50,9000,3.257392
50,9000,3.127935
50,9000,3.228272
50,9000,3.347681
50,10000,3.051096
50,10000,3.465899
50,10000,3.344708
50,10000,3.296866
50,10000,3.088829
50,10000,3.166260
50,10000,3.146425
50,10000,3.261283
50,10000,3.355756
50,10000,3.047335
50,10000,3.219067
50,10000,3.212520
50,10000,2.983151
50,10000,3.289644
50,10000,3.379321
50,10000,3.376611
50,10000,3.254133
50,10000,3.253867
50,10000,3.096482
50,10000,3.330803
50,10000,3.268429
50,10000,3.362719
50,10000,3.210189
50,10000,3.058769
50,10000,3.524532
50,10000,3.210192
50,10000,3.154602
50,10000,3.224921
50,10000,3.428769
50,10000,3.321716