Dimension,Power,Time,Optimization
10,1000,0.010425,Ofast
10,1000,0.002127,Ofast
10,1000,0.002210,Ofast
10,1000,0.002183,Ofast
10,1000,0.002177,Ofast
10,1000,0.002196,Ofast
10,1000,0.002174,Ofast
10,1000,0.002193,Ofast
10,1000,0.002305,Ofast
10,1000,0.002175,Ofast
10,1000,0.002179,Ofast
10,1000,0.002172,Ofast
10,1000,0.002182,Ofast
10,1000,0.002189,Ofast
10,1000,0.002177,Ofast
10,1000,0.002187,Ofast
10,1000,0.002175,Ofast
10,1000,0.002177,Ofast
10,1000,0.002173,Ofast
10,1000,0.002183,Ofast
10,1000,0.002158,Ofast
10,1000,0.002162,Ofast
10,1000,0.002259,Ofast
10,1000,0.002144,Ofast
10,1000,0.002140,Ofast
10,1000,0.002141,Ofast
10,1000,0.002180,Ofast
10,1000,0.002186,Ofast
10,1000,0.002210,Ofast
10,1000,0.002179,Ofast
20,1000,0.017278,Ofast
20,1000,0.016964,Ofast
20,1000,0.016850,Ofast
20,1000,0.016288,Ofast
20,1000,0.016693,Ofast
20,1000,0.016563,Ofast
20,1000,0.016783,Ofast
20,1000,0.016284,Ofast
20,1000,0.016754,Ofast
20,1000,0.016572,Ofast
20,1000,0.016352,Ofast
20,1000,0.016456,Ofast
20,1000,0.016377,Ofast
20,1000,0.016670,Ofast
20,1000,0.016681,Ofast
20,1000,0.016558,Ofast
20,1000,0.016276,Ofast
20,1000,0.016719,Ofast
20,1000,0.016478,Ofast
20,1000,0.016466,Ofast
20,1000,0.016233,Ofast
20,1000,0.016759,Ofast
20,1000,0.016733,Ofast
20,1000,0.016609,Ofast
20,1000,0.016817,Ofast
20,1000,0.016985,Ofast
20,1000,0.017349,Ofast
20,1000,0.017062,Ofast
20,1000,0.017102,Ofast
20,1000,0.016964,Ofast
30,1000,0.056531,Ofast
30,1000,0.055615,Ofast
30,1000,0.055868,Ofast
30,1000,0.055385,Ofast
30,1000,0.055565,Ofast
30,1000,0.054923,Ofast
30,1000,0.055379,Ofast
30,1000,0.055275,Ofast
30,1000,0.056627,Ofast
30,1000,0.055550,Ofast
30,1000,0.055950,Ofast
30,1000,0.057061,Ofast
30,1000,0.055753,Ofast
30,1000,0.057431,Ofast
30,1000,0.056259,Ofast
30,1000,0.056974,Ofast
30,1000,0.056930,Ofast
30,1000,0.056554,Ofast
30,1000,0.057129,Ofast
30,1000,0.057253,Ofast
30,1000,0.056036,Ofast
30,1000,0.055094,Ofast
30,1000,0.055148,Ofast
30,1000,0.054466,Ofast
30,1000,0.055090,Ofast
30,1000,0.054650,Ofast
30,1000,0.054955,Ofast
30,1000,0.055782,Ofast
30,1000,0.058265,Ofast
30,1000,0.059372,Ofast
40,1000,0.138158,Ofast
40,1000,0.134443,Ofast
40,1000,0.136701,Ofast
40,1000,0.138887,Ofast
40,1000,0.139508,Ofast
40,1000,0.138504,Ofast
40,1000,0.134957,Ofast
40,1000,0.132427,Ofast
40,1000,0.130939,Ofast
40,1000,0.129201,Ofast
40,1000,0.130852,Ofast
40,1000,0.132015,Ofast
40,1000,0.131887,Ofast
40,1000,0.132730,Ofast
40,1000,0.130234,Ofast
40,1000,0.131033,Ofast
40,1000,0.131346,Ofast
40,1000,0.131548,Ofast
40,1000,0.131364,Ofast
40,1000,0.131642,Ofast
40,1000,0.131996,Ofast
40,1000,0.131697,Ofast
40,1000,0.129808,Ofast
40,1000,0.131368,Ofast
40,1000,0.130561,Ofast
40,1000,0.129965,Ofast
40,1000,0.129486,Ofast
40,1000,0.131947,Ofast
40,1000,0.131868,Ofast
40,1000,0.129991,Ofast
50,1000,0.252227,Ofast
50,1000,0.252587,Ofast
50,1000,0.255224,Ofast
50,1000,0.256058,Ofast
50,1000,0.250742,Ofast
50,1000,0.250126,Ofast
50,1000,0.252454,Ofast
50,1000,0.249730,Ofast
50,1000,0.250352,Ofast
50,1000,0.249925,Ofast
50,1000,0.255990,Ofast
50,1000,0.250950,Ofast
50,1000,0.253932,Ofast
50,1000,0.256004,Ofast
50,1000,0.250178,Ofast
50,1000,0.251153,Ofast
50,1000,0.252062,Ofast
50,1000,0.251711,Ofast
50,1000,0.250456,Ofast
50,1000,0.250535,Ofast
50,1000,0.256492,Ofast
50,1000,0.254277,Ofast
50,1000,0.254281,Ofast
50,1000,0.255238,Ofast
50,1000,0.253845,Ofast
50,1000,0.254217,Ofast
50,1000,0.253452,Ofast
50,1000,0.251453,Ofast
50,1000,0.254234,Ofast
50,1000,0.252540,Ofast
60,1000,0.431569,Ofast
60,1000,0.431678,Ofast
60,1000,0.432128,Ofast
60,1000,0.432074,Ofast
60,1000,0.433329,Ofast
60,1000,0.433329,Ofast
60,1000,0.433479,Ofast
60,1000,0.434483,Ofast
60,1000,0.431759,Ofast
60,1000,0.432711,Ofast
60,1000,0.433272,Ofast
60,1000,0.432434,Ofast
60,1000,0.431480,Ofast
60,1000,0.430146,Ofast
60,1000,0.432329,Ofast
60,1000,0.434077,Ofast
60,1000,0.433897,Ofast
60,1000,0.434153,Ofast
60,1000,0.436510,Ofast
60,1000,0.432370,Ofast
60,1000,0.432188,Ofast
60,1000,0.432256,Ofast
60,1000,0.432976,Ofast
60,1000,0.431858,Ofast
60,1000,0.432705,Ofast
60,1000,0.432579,Ofast
60,1000,0.433147,Ofast
60,1000,0.431248,Ofast
60,1000,0.433409,Ofast
60,1000,0.430480,Ofast
70,1000,0.684088,Ofast
70,1000,0.685093,Ofast
70,1000,0.685736,Ofast
70,1000,0.689445,Ofast
70,1000,0.685152,Ofast
70,1000,0.689507,Ofast
70,1000,0.682971,Ofast
70,1000,0.683150,Ofast
70,1000,0.684063,Ofast
70,1000,0.685422,Ofast
70,1000,0.683646,Ofast
70,1000,0.684332,Ofast
70,1000,0.686335,Ofast
70,1000,0.683761,Ofast
70,1000,0.682463,Ofast
70,1000,0.683418,Ofast
70,1000,0.686949,Ofast
70,1000,0.683121,Ofast
70,1000,0.682496,Ofast
70,1000,0.682591,Ofast
70,1000,0.682806,Ofast
70,1000,0.683661,Ofast
70,1000,0.687749,Ofast
70,1000,0.683698,Ofast
70,1000,0.683894,Ofast
70,1000,0.683295,Ofast
70,1000,0.683971,Ofast
70,1000,0.688831,Ofast
70,1000,0.690319,Ofast
70,1000,0.685286,Ofast
80,1000,1.053984,Ofast
80,1000,1.051716,Ofast
80,1000,1.054038,Ofast
80,1000,1.052489,Ofast
80,1000,1.052533,Ofast
80,1000,1.051283,Ofast
80,1000,1.049405,Ofast
80,1000,1.049370,Ofast
80,1000,1.051121,Ofast
80,1000,1.051658,Ofast
80,1000,1.052755,Ofast
80,1000,1.059009,Ofast
80,1000,1.050782,Ofast
80,1000,1.051272,Ofast
80,1000,1.050943,Ofast
80,1000,1.049956,Ofast
80,1000,1.051381,Ofast
80,1000,1.050800,Ofast
80,1000,1.050510,Ofast
80,1000,1.056200,Ofast
80,1000,1.048415,Ofast
80,1000,1.049996,Ofast
80,1000,1.052310,Ofast
80,1000,1.050629,Ofast
80,1000,1.052305,Ofast
80,1000,1.053907,Ofast
80,1000,1.053436,Ofast
80,1000,1.055730,Ofast
80,1000,1.053767,Ofast
80,1000,1.054330,Ofast
90,1000,1.448291,Ofast
90,1000,1.453177,Ofast
90,1000,1.448686,Ofast
90,1000,1.449736,Ofast
90,1000,1.450708,Ofast
90,1000,1.448252,Ofast
90,1000,1.447867,Ofast
90,1000,1.447600,Ofast
90,1000,1.450123,Ofast
90,1000,1.446604,Ofast
90,1000,1.448691,Ofast
90,1000,1.450427,Ofast
90,1000,1.448780,Ofast
90,1000,1.449163,Ofast
90,1000,1.449074,Ofast
90,1000,1.448850,Ofast
90,1000,1.456265,Ofast
90,1000,1.447637,Ofast
90,1000,1.445469,Ofast
90,1000,1.446061,Ofast
90,1000,1.447429,Ofast
90,1000,1.445820,Ofast
90,1000,1.452438,Ofast
90,1000,1.448430,Ofast
90,1000,1.446355,Ofast
90,1000,1.447593,Ofast
90,1000,1.448886,Ofast
90,1000,1.447551,Ofast
90,1000,1.446772,Ofast
90,1000,1.446312,Ofast
100,1000,1.983910,Ofast
100,1000,1.983841,Ofast
100,1000,1.985275,Ofast
100,1000,1.986281,Ofast
100,1000,1.989696,Ofast
100,1000,1.982068,Ofast
100,1000,1.981170,Ofast
100,1000,1.984150,Ofast
100,1000,1.980933,Ofast
100,1000,1.988714,Ofast
100,1000,1.989098,Ofast
100,1000,1.988425,Ofast
100,1000,1.982049,Ofast
100,1000,1.985106,Ofast
100,1000,1.984242,Ofast
100,1000,1.984374,Ofast
100,1000,1.988747,Ofast
100,1000,1.988482,Ofast
100,1000,1.985079,Ofast
100,1000,1.985537,Ofast
100,1000,1.987371,Ofast
100,1000,2.052233,Ofast
100,1000,2.078434,Ofast
100,1000,2.077845,Ofast
100,1000,2.044046,Ofast
100,1000,1.987632,Ofast
100,1000,1.990916,Ofast
100,1000,1.993543,Ofast
100,1000,1.987247,Ofast
100,1000,1.988774,Ofast
200,1000,16.495812,Ofast
200,1000,16.492473,Ofast
200,1000,16.449314,Ofast
200,1000,16.467037,Ofast
200,1000,16.475945,Ofast
200,1000,16.467456,Ofast
200,1000,16.431247,Ofast
200,1000,16.489748,Ofast
200,1000,16.471125,Ofast
200,1000,16.480092,Ofast
200,1000,16.415523,Ofast
200,1000,16.463589,Ofast
200,1000,16.510792,Ofast
200,1000,16.630592,Ofast
200,1000,16.457439,Ofast
200,1000,16.497500,Ofast
200,1000,16.508700,Ofast
200,1000,16.473209,Ofast
200,1000,16.483097,Ofast
200,1000,16.485224,Ofast
200,1000,16.480796,Ofast
200,1000,16.521030,Ofast
200,1000,16.510723,Ofast
200,1000,16.505859,Ofast
200,1000,16.468568,Ofast
200,1000,16.462280,Ofast
200,1000,16.460364,Ofast
200,1000,16.505236,Ofast
200,1000,16.523823,Ofast
200,1000,16.489039,Ofast
300,1000,55.192482,Ofast
300,1000,55.311258,Ofast
300,1000,55.306428,Ofast
300,1000,55.379213,Ofast
300,1000,55.347664,Ofast
300,1000,55.324499,Ofast
300,1000,55.375115,Ofast
300,1000,55.335398,Ofast
300,1000,55.128821,Ofast
300,1000,55.194634,Ofast
300,1000,55.304519,Ofast
300,1000,55.335485,Ofast
300,1000,55.271517,Ofast
300,1000,55.287764,Ofast
300,1000,55.363749,Ofast
300,1000,55.316899,Ofast
300,1000,55.360166,Ofast
300,1000,55.076958,Ofast
300,1000,55.353288,Ofast
300,1000,55.318532,Ofast
300,1000,55.316447,Ofast
300,1000,55.301717,Ofast
300,1000,55.254866,Ofast
300,1000,55.317405,Ofast
300,1000,55.303776,Ofast
300,1000,55.293739,Ofast
300,1000,55.184752,Ofast
300,1000,55.077006,Ofast
300,1000,55.392469,Ofast
300,1000,55.173684,Ofast
400,1000,130.433445,Ofast
400,1000,130.430035,Ofast
400,1000,130.632019,Ofast
400,1000,130.578709,Ofast
400,1000,130.605624,Ofast
400,1000,130.508508,Ofast
400,1000,130.436303,Ofast
400,1000,130.492201,Ofast
400,1000,130.467500,Ofast
400,1000,130.462570,Ofast
400,1000,130.401683,Ofast
400,1000,130.662189,Ofast
400,1000,130.434979,Ofast
400,1000,130.568855,Ofast
400,1000,130.466682,Ofast
400,1000,130.375102,Ofast
400,1000,130.354533,Ofast
400,1000,130.364802,Ofast
400,1000,130.340452,Ofast
400,1000,130.519353,Ofast
400,1000,130.552905,Ofast
400,1000,130.501634,Ofast
400,1000,130.398655,Ofast
400,1000,130.369775,Ofast
400,1000,130.294914,Ofast
400,1000,130.307379,Ofast
400,1000,130.676389,Ofast
400,1000,130.557382,Ofast
400,1000,130.450791,Ofast
400,1000,130.291966,Ofast
500,1000,254.035673,Ofast
500,1000,254.068451,Ofast
500,1000,253.871582,Ofast
500,1000,254.170257,Ofast
500,1000,254.092414,Ofast
500,1000,254.350202,Ofast
500,1000,254.443674,Ofast
500,1000,254.108110,Ofast
500,1000,254.052356,Ofast
500,1000,253.893839,Ofast
500,1000,254.392012,Ofast
500,1000,254.276919,Ofast
500,1000,253.916107,Ofast
500,1000,254.359743,Ofast
500,1000,254.330708,Ofast
500,1000,254.312117,Ofast
500,1000,254.231550,Ofast
500,1000,254.350448,Ofast
500,1000,254.175475,Ofast
500,1000,254.182000,Ofast
500,1000,254.162308,Ofast
500,1000,253.912136,Ofast
500,1000,253.811804,Ofast
500,1000,254.109071,Ofast
500,1000,253.973337,Ofast
500,1000,257.911687,Ofast
500,1000,254.710851,Ofast
500,1000,254.299273,Ofast
500,1000,254.265993,Ofast
500,1000,254.457500,Ofast
10,1000,0.006316,O3
10,1000,0.002512,O3
10,1000,0.006146,O3
10,1000,0.002267,O3
10,1000,0.002253,O3
10,1000,0.002254,O3
10,1000,0.002264,O3
10,1000,0.002440,O3
10,1000,0.002366,O3
10,1000,0.002334,O3
10,1000,0.002338,O3
10,1000,0.002335,O3
10,1000,0.002334,O3
10,1000,0.002337,O3
10,1000,0.002336,O3
10,1000,0.002336,O3
10,1000,0.002334,O3
10,1000,0.002288,O3
10,1000,0.002292,O3
10,1000,0.002289,O3
10,1000,0.002467,O3
10,1000,0.002337,O3
10,1000,0.002334,O3
10,1000,0.002334,O3
10,1000,0.002341,O3
10,1000,0.002338,O3
10,1000,0.002334,O3
10,1000,0.002336,O3
10,1000,0.002343,O3
10,1000,0.002334,O3
20,1000,0.017561,O3
20,1000,0.017971,O3
20,1000,0.017786,O3
20,1000,0.017445,O3
20,1000,0.016931,O3
20,1000,0.017140,O3
20,1000,0.017087,O3
20,1000,0.017197,O3
20,1000,0.016975,O3
20,1000,0.017038,O3
20,1000,0.016879,O3
20,1000,0.017051,O3
20,1000,0.016982,O3
20,1000,0.017070,O3
20,1000,0.017203,O3
20,1000,0.017207,O3
20,1000,0.017195,O3
20,1000,0.017079,O3
20,1000,0.017287,O3
20,1000,0.017103,O3
20,1000,0.017392,O3
20,1000,0.017239,O3
20,1000,0.017453,O3
20,1000,0.017436,O3
20,1000,0.017375,O3
20,1000,0.017570,O3
20,1000,0.017588,O3
20,1000,0.017901,O3
20,1000,0.017643,O3
20,1000,0.017556,O3
30,1000,0.057235,O3
30,1000,0.057820,O3
30,1000,0.057915,O3
30,1000,0.057762,O3
30,1000,0.057307,O3
30,1000,0.057596,O3
30,1000,0.058766,O3
30,1000,0.058303,O3
30,1000,0.059088,O3
30,1000,0.059180,O3
30,1000,0.058765,O3
30,1000,0.058186,O3
30,1000,0.057342,O3
30,1000,0.058385,O3
30,1000,0.058597,O3
30,1000,0.059030,O3
30,1000,0.059024,O3
30,1000,0.059006,O3
30,1000,0.058306,O3
30,1000,0.057092,O3
30,1000,0.057288,O3
30,1000,0.057200,O3
30,1000,0.058334,O3
30,1000,0.058654,O3
30,1000,0.058996,O3
30,1000,0.058822,O3
30,1000,0.058990,O3
30,1000,0.058907,O3
30,1000,0.058634,O3
30,1000,0.058386,O3
40,1000,0.134568,O3
40,1000,0.133808,O3
40,1000,0.133218,O3
40,1000,0.133608,O3
40,1000,0.136088,O3
40,1000,0.139434,O3
40,1000,0.136550,O3
40,1000,0.133581,O3
40,1000,0.133294,O3
40,1000,0.133165,O3
40,1000,0.131517,O3
40,1000,0.133829,O3
40,1000,0.132358,O3
40,1000,0.133227,O3
40,1000,0.135454,O3
40,1000,0.132096,O3
40,1000,0.131287,O3
40,1000,0.130920,O3
40,1000,0.131226,O3
40,1000,0.131368,O3
40,1000,0.131308,O3
40,1000,0.131591,O3
40,1000,0.130812,O3
40,1000,0.130642,O3
40,1000,0.132290,O3
40,1000,0.137664,O3
40,1000,0.131190,O3
40,1000,0.133340,O3
40,1000,0.132008,O3
40,1000,0.131345,O3
50,1000,0.254399,O3
50,1000,0.254775,O3
50,1000,0.253752,O3
50,1000,0.253400,O3
50,1000,0.253808,O3
50,1000,0.254348,O3
50,1000,0.253330,O3
50,1000,0.254668,O3
50,1000,0.253591,O3
50,1000,0.253448,O3
50,1000,0.258126,O3
50,1000,0.262030,O3
50,1000,0.256255,O3
50,1000,0.253582,O3
50,1000,0.256878,O3
50,1000,0.254233,O3
50,1000,0.253693,O3
50,1000,0.253291,O3
50,1000,0.254788,O3
50,1000,0.254126,O3
50,1000,0.253428,O3
50,1000,0.253230,O3
50,1000,0.253613,O3
50,1000,0.253262,O3
50,1000,0.253903,O3
50,1000,0.253342,O3
50,1000,0.255301,O3
50,1000,0.253847,O3
50,1000,0.253441,O3
50,1000,0.253755,O3
60,1000,0.440831,O3
60,1000,0.436809,O3
60,1000,0.436341,O3
60,1000,0.435693,O3
60,1000,0.435701,O3
60,1000,0.435681,O3
60,1000,0.435858,O3
60,1000,0.435725,O3
60,1000,0.435414,O3
60,1000,0.436175,O3
60,1000,0.435682,O3
60,1000,0.435665,O3
60,1000,0.435414,O3
60,1000,0.436672,O3
60,1000,0.435566,O3
60,1000,0.436269,O3
60,1000,0.435837,O3
60,1000,0.438385,O3
60,1000,0.436350,O3
60,1000,0.436102,O3
60,1000,0.435859,O3
60,1000,0.435622,O3
60,1000,0.436037,O3
60,1000,0.436808,O3
60,1000,0.436432,O3
60,1000,0.436858,O3
60,1000,0.435457,O3
60,1000,0.435686,O3
60,1000,0.435555,O3
60,1000,0.436007,O3
70,1000,0.690166,O3
70,1000,0.691517,O3
70,1000,0.690797,O3
70,1000,0.690889,O3
70,1000,0.689838,O3
70,1000,0.690080,O3
70,1000,0.689830,O3
70,1000,0.689940,O3
70,1000,0.689416,O3
70,1000,0.690450,O3
70,1000,0.689885,O3
70,1000,0.689371,O3
70,1000,0.689715,O3
70,1000,0.689290,O3
70,1000,0.689696,O3
70,1000,0.689274,O3
70,1000,0.689750,O3
70,1000,0.690176,O3
70,1000,0.691539,O3
70,1000,0.690546,O3
70,1000,0.689620,O3
70,1000,0.689337,O3
70,1000,0.689402,O3
70,1000,0.689203,O3
70,1000,0.689463,O3
70,1000,0.689386,O3
70,1000,0.689690,O3
70,1000,0.689644,O3
70,1000,0.690413,O3
70,1000,0.689510,O3
80,1000,1.057512,O3
80,1000,1.057262,O3
80,1000,1.057190,O3
80,1000,1.054942,O3
80,1000,1.058200,O3
80,1000,1.055581,O3
80,1000,1.057797,O3
80,1000,1.056952,O3
80,1000,1.056880,O3
80,1000,1.057137,O3
80,1000,1.057588,O3
80,1000,1.056399,O3
80,1000,1.058575,O3
80,1000,1.054856,O3
80,1000,1.057438,O3
80,1000,1.056903,O3
80,1000,1.057050,O3
80,1000,1.057116,O3
80,1000,1.056590,O3
80,1000,1.056417,O3
80,1000,1.058195,O3
80,1000,1.057748,O3
80,1000,1.057689,O3
80,1000,1.057003,O3
80,1000,1.056725,O3
80,1000,1.055328,O3
80,1000,1.056381,O3
80,1000,1.055377,O3
80,1000,1.057526,O3
80,1000,1.059095,O3
90,1000,1.458371,O3
90,1000,1.461235,O3
90,1000,1.458275,O3
90,1000,1.457658,O3
90,1000,1.457572,O3
90,1000,1.458267,O3
90,1000,1.457724,O3
90,1000,1.457566,O3
90,1000,1.458160,O3
90,1000,1.457722,O3
90,1000,1.457960,O3
90,1000,1.457307,O3
90,1000,1.457630,O3
90,1000,1.458632,O3
90,1000,1.457869,O3
90,1000,1.457985,O3
90,1000,1.457403,O3
90,1000,1.462272,O3
90,1000,1.460102,O3
90,1000,1.457989,O3
90,1000,1.458304,O3
90,1000,1.458778,O3
90,1000,1.458127,O3
90,1000,1.457741,O3
90,1000,1.457508,O3
90,1000,1.457075,O3
90,1000,1.457379,O3
90,1000,1.461073,O3
90,1000,1.463615,O3
90,1000,1.469729,O3
100,1000,2.042144,O3
100,1000,1.945384,O3
100,1000,2.003714,O3
100,1000,2.075355,O3
100,1000,2.032715,O3
100,1000,2.040508,O3
100,1000,2.079102,O3
100,1000,2.077387,O3
100,1000,2.102632,O3
100,1000,2.050462,O3
100,1000,2.016044,O3
100,1000,2.021565,O3
100,1000,1.996415,O3
100,1000,1.998044,O3
100,1000,1.996425,O3
100,1000,1.996127,O3
100,1000,1.997200,O3
100,1000,1.996391,O3
100,1000,1.996214,O3
100,1000,1.996087,O3
100,1000,2.003390,O3
100,1000,1.995757,O3
100,1000,1.997381,O3
100,1000,1.997237,O3
100,1000,1.997115,O3
100,1000,1.996936,O3
100,1000,1.996506,O3
100,1000,1.996798,O3
100,1000,1.997738,O3
100,1000,1.996216,O3
200,1000,16.517061,O3
200,1000,16.255269,O3
200,1000,16.183232,O3
200,1000,16.183906,O3
200,1000,16.167720,O3
200,1000,16.181152,O3
200,1000,16.186864,O3
200,1000,16.182270,O3
200,1000,16.164628,O3
200,1000,16.183397,O3
200,1000,16.177095,O3
200,1000,16.185013,O3
200,1000,16.163712,O3
200,1000,16.180061,O3
200,1000,16.181413,O3
200,1000,16.184248,O3
200,1000,16.170078,O3
200,1000,16.180737,O3
200,1000,16.182774,O3
200,1000,16.183233,O3
200,1000,16.167281,O3
200,1000,16.182290,O3
200,1000,16.180556,O3
200,1000,16.183481,O3
200,1000,16.168089,O3
200,1000,16.179242,O3
200,1000,16.178704,O3
200,1000,16.186008,O3
200,1000,16.164545,O3
200,1000,16.176953,O3
300,1000,54.069520,O3
300,1000,54.088257,O3
300,1000,54.085581,O3
300,1000,54.087327,O3
300,1000,54.089496,O3
300,1000,54.086346,O3
300,1000,54.094190,O3
300,1000,54.091002,O3
300,1000,54.091350,O3
300,1000,54.080155,O3
300,1000,54.090196,O3
300,1000,54.092757,O3
300,1000,54.096145,O3
300,1000,54.079233,O3
300,1000,54.092015,O3
300,1000,54.088958,O3
300,1000,54.081878,O3
300,1000,54.089512,O3
300,1000,54.081429,O3
300,1000,54.082732,O3
300,1000,54.097538,O3
300,1000,54.085143,O3
300,1000,54.084483,O3
300,1000,54.098378,O3
300,1000,54.087526,O3
300,1000,54.086397,O3
300,1000,54.083405,O3
300,1000,54.085629,O3
300,1000,54.083730,O3
300,1000,54.083376,O3
400,1000,127.542170,O3
400,1000,127.556008,O3
400,1000,127.545595,O3
400,1000,127.545717,O3
400,1000,127.551154,O3
400,1000,127.556363,O3
400,1000,127.542353,O3
400,1000,127.678275,O3
400,1000,127.550021,O3
400,1000,127.538168,O3
400,1000,127.537645,O3
400,1000,127.532683,O3
400,1000,127.561802,O3
400,1000,127.548871,O3
400,1000,127.551465,O3
400,1000,127.537233,O3
400,1000,127.604372,O3
400,1000,127.540361,O3
400,1000,127.531147,O3
400,1000,127.536877,O3
400,1000,127.541041,O3
400,1000,127.550987,O3
400,1000,127.542765,O3
400,1000,127.610931,O3
400,1000,127.551884,O3
400,1000,127.543099,O3
400,1000,127.547807,O3
400,1000,127.543873,O3
400,1000,127.535291,O3
400,1000,127.547976,O3
500,1000,248.514704,O3
500,1000,248.513079,O3
500,1000,248.511661,O3
500,1000,248.495879,O3
500,1000,248.490317,O3
500,1000,248.500567,O3
500,1000,248.478797,O3
500,1000,248.522598,O3
500,1000,248.473731,O3
500,1000,248.507918,O3
500,1000,248.507242,O3
500,1000,248.445005,O3
500,1000,248.483237,O3
500,1000,248.515553,O3
500,1000,248.520794,O3
500,1000,248.519123,O3
500,1000,248.534723,O3
500,1000,248.522682,O3
500,1000,248.524619,O3
500,1000,248.519443,O3
500,1000,248.516863,O3
500,1000,248.535642,O3
500,1000,248.524291,O3
500,1000,248.518399,O3
500,1000,248.498518,O3
500,1000,248.510332,O3
500,1000,248.502793,O3
500,1000,248.457609,O3
500,1000,248.535548,O3
500,1000,248.530078,O3
10,1000,0.007457,O2
10,1000,0.002341,O2
10,1000,0.002328,O2
10,1000,0.002431,O2
10,1000,0.002338,O2
10,1000,0.002329,O2
10,1000,0.002333,O2
10,1000,0.002328,O2
10,1000,0.002443,O2
10,1000,0.002335,O2
10,1000,0.002328,O2
10,1000,0.002336,O2
10,1000,0.002328,O2
10,1000,0.002333,O2
10,1000,0.001460,O2
10,1000,0.000961,O2
10,1000,0.000956,O2
10,1000,0.000955,O2
10,1000,0.000954,O2
10,1000,0.001091,O2
10,1000,0.002332,O2
10,1000,0.002335,O2
10,1000,0.002343,O2
10,1000,0.002338,O2
10,1000,0.002347,O2
10,1000,0.002487,O2
10,1000,0.002423,O2
10,1000,0.002378,O2
10,1000,0.002445,O2
10,1000,0.002381,O2
20,1000,0.017897,O2
20,1000,0.018016,O2
20,1000,0.017863,O2
20,1000,0.017120,O2
20,1000,0.017885,O2
20,1000,0.017333,O2
20,1000,0.017769,O2
20,1000,0.017890,O2
20,1000,0.018284,O2
20,1000,0.017914,O2
20,1000,0.018104,O2
20,1000,0.018400,O2
20,1000,0.018221,O2
20,1000,0.018597,O2
20,1000,0.018017,O2
20,1000,0.017637,O2
20,1000,0.017340,O2
20,1000,0.017289,O2
20,1000,0.018001,O2
20,1000,0.017026,O2
20,1000,0.017198,O2
20,1000,0.017825,O2
20,1000,0.018390,O2
20,1000,0.018211,O2
20,1000,0.017716,O2
20,1000,0.017877,O2
20,1000,0.017232,O2
20,1000,0.018231,O2
20,1000,0.017554,O2
20,1000,0.017394,O2
30,1000,0.057003,O2
30,1000,0.057455,O2
30,1000,0.057574,O2
30,1000,0.058153,O2
30,1000,0.057944,O2
30,1000,0.058093,O2
30,1000,0.058360,O2
30,1000,0.058670,O2
30,1000,0.059265,O2
30,1000,0.059006,O2
30,1000,0.058460,O2
30,1000,0.058906,O2
30,1000,0.057252,O2
30,1000,0.057449,O2
30,1000,0.057747,O2
30,1000,0.058017,O2
30,1000,0.057659,O2
30,1000,0.053285,O2
30,1000,0.059049,O2
30,1000,0.059344,O2
30,1000,0.058105,O2
30,1000,0.059026,O2
30,1000,0.058254,O2
30,1000,0.058350,O2
30,1000,0.061078,O2
30,1000,0.061984,O2
30,1000,0.059046,O2
30,1000,0.060756,O2
30,1000,0.059719,O2
30,1000,0.058984,O2
40,1000,0.129787,O2
40,1000,0.103584,O2
40,1000,0.130782,O2
40,1000,0.124980,O2
40,1000,0.131227,O2
40,1000,0.129423,O2
40,1000,0.132264,O2
40,1000,0.131849,O2
40,1000,0.131753,O2
40,1000,0.131818,O2
40,1000,0.133288,O2
40,1000,0.132436,O2
40,1000,0.131868,O2
40,1000,0.131059,O2
40,1000,0.133119,O2
40,1000,0.131157,O2
40,1000,0.131441,O2
40,1000,0.131450,O2
40,1000,0.132592,O2
40,1000,0.131924,O2
40,1000,0.131130,O2
40,1000,0.132092,O2
40,1000,0.131756,O2
40,1000,0.132035,O2
40,1000,0.131560,O2
40,1000,0.132386,O2
40,1000,0.131955,O2
40,1000,0.131235,O2
40,1000,0.131867,O2
40,1000,0.132133,O2
50,1000,0.254354,O2
50,1000,0.255338,O2
50,1000,0.253461,O2
50,1000,0.253939,O2
50,1000,0.254351,O2
50,1000,0.254022,O2
50,1000,0.253194,O2
50,1000,0.256767,O2
50,1000,0.257929,O2
50,1000,0.258172,O2
50,1000,0.258681,O2
50,1000,0.257481,O2
50,1000,0.254550,O2
50,1000,0.229764,O2
50,1000,0.254539,O2
50,1000,0.255047,O2
50,1000,0.254209,O2
50,1000,0.232310,O2
50,1000,0.257587,O2
50,1000,0.254990,O2
50,1000,0.253900,O2
50,1000,0.254338,O2
50,1000,0.254806,O2
50,1000,0.253588,O2
50,1000,0.253607,O2
50,1000,0.253821,O2
50,1000,0.254062,O2
50,1000,0.257020,O2
50,1000,0.252542,O2
50,1000,0.255049,O2
60,1000,0.436024,O2
60,1000,0.436171,O2
60,1000,0.436733,O2
60,1000,0.435080,O2
60,1000,0.435732,O2
60,1000,0.441205,O2
60,1000,0.434794,O2
60,1000,0.435782,O2
60,1000,0.436274,O2
60,1000,0.436384,O2
60,1000,0.436916,O2
60,1000,0.436206,O2
60,1000,0.431502,O2
60,1000,0.437526,O2
60,1000,0.435779,O2
60,1000,0.436414,O2
60,1000,0.436553,O2
60,1000,0.437141,O2
60,1000,0.436627,O2
60,1000,0.436552,O2
60,1000,0.437673,O2
60,1000,0.436833,O2
60,1000,0.382613,O2
60,1000,0.419530,O2
60,1000,0.442135,O2
60,1000,0.440570,O2
60,1000,0.437760,O2
60,1000,0.436634,O2
60,1000,0.437524,O2
60,1000,0.435375,O2
70,1000,0.691857,O2
70,1000,0.690064,O2
70,1000,0.689856,O2
70,1000,0.689571,O2
70,1000,0.696886,O2
70,1000,0.690178,O2
70,1000,0.690251,O2
70,1000,0.691266,O2
70,1000,0.691655,O2
70,1000,0.690483,O2
70,1000,0.691401,O2
70,1000,0.685840,O2
70,1000,0.689853,O2
70,1000,0.690831,O2
70,1000,0.703144,O2
70,1000,0.692215,O2
70,1000,0.690704,O2
70,1000,0.686429,O2
70,1000,0.690622,O2
70,1000,0.691083,O2
70,1000,0.684191,O2
70,1000,0.690773,O2
70,1000,0.691059,O2
70,1000,0.691311,O2
70,1000,0.690690,O2
70,1000,0.691814,O2
70,1000,0.664810,O2
70,1000,0.690596,O2
70,1000,0.690433,O2
70,1000,0.690332,O2
80,1000,1.065174,O2
80,1000,1.062050,O2
80,1000,1.056750,O2
80,1000,1.055095,O2
80,1000,1.056026,O2
80,1000,1.055097,O2
80,1000,1.055964,O2
80,1000,1.058110,O2
80,1000,1.049618,O2
80,1000,1.052890,O2
80,1000,1.056573,O2
80,1000,1.054630,O2
80,1000,1.066608,O2
80,1000,1.056824,O2
80,1000,1.055396,O2
80,1000,1.054288,O2
80,1000,0.923548,O2
80,1000,1.055845,O2
80,1000,1.057516,O2
80,1000,1.050934,O2
80,1000,1.055989,O2
80,1000,1.056856,O2
80,1000,1.055604,O2
80,1000,1.055271,O2
80,1000,1.058790,O2
80,1000,1.058351,O2
80,1000,1.056327,O2
80,1000,1.056254,O2
80,1000,1.056339,O2
80,1000,1.055967,O2
90,1000,1.459251,O2
90,1000,1.456856,O2
90,1000,1.459216,O2
90,1000,1.459041,O2
90,1000,1.460395,O2
90,1000,1.458424,O2
90,1000,1.462572,O2
90,1000,1.459614,O2
90,1000,1.461176,O2
90,1000,1.459856,O2
90,1000,1.458841,O2
90,1000,1.459414,O2
90,1000,1.459229,O2
90,1000,1.459058,O2
90,1000,1.458881,O2
90,1000,1.457953,O2
90,1000,1.377894,O2
90,1000,1.463184,O2
90,1000,1.482527,O2
90,1000,1.458306,O2
90,1000,1.470256,O2
90,1000,1.478412,O2
90,1000,1.475410,O2
90,1000,1.472558,O2
90,1000,1.474428,O2
90,1000,1.459708,O2
90,1000,1.455780,O2
90,1000,1.470248,O2
90,1000,1.457168,O2
90,1000,1.458123,O2
100,1000,1.998566,O2
100,1000,1.997580,O2
100,1000,1.997839,O2
100,1000,1.999001,O2
100,1000,2.001211,O2
100,1000,2.002993,O2
100,1000,1.972289,O2
100,1000,1.998371,O2
100,1000,2.030370,O2
100,1000,2.033098,O2
100,1000,1.997127,O2
100,1000,1.958879,O2
100,1000,1.998777,O2
100,1000,1.998214,O2
100,1000,1.999981,O2
100,1000,1.997194,O2
100,1000,1.999694,O2
100,1000,2.003784,O2
100,1000,1.997781,O2
100,1000,1.999727,O2
100,1000,2.009015,O2
100,1000,1.999785,O2
100,1000,2.000653,O2
100,1000,1.997820,O2
100,1000,1.997879,O2
100,1000,1.998921,O2
100,1000,1.999203,O2
100,1000,1.998941,O2
100,1000,1.999152,O2
100,1000,1.998004,O2
200,1000,16.202321,O2
200,1000,16.146203,O2
200,1000,16.216837,O2
200,1000,16.191233,O2
200,1000,16.088459,O2
200,1000,16.163262,O2
200,1000,16.237115,O2
200,1000,16.195028,O2
200,1000,16.158210,O2
200,1000,16.155289,O2
200,1000,16.180402,O2
200,1000,16.289909,O2
200,1000,16.664693,O2
200,1000,16.212636,O2
200,1000,16.184235,O2
200,1000,16.171731,O2
200,1000,16.228385,O2
200,1000,16.124398,O2
200,1000,16.169768,O2
200,1000,16.166064,O2
200,1000,16.146618,O2
200,1000,16.212879,O2
200,1000,16.166519,O2
200,1000,16.152792,O2
200,1000,16.160419,O2
200,1000,16.122579,O2
200,1000,16.185878,O2
200,1000,16.196248,O2
200,1000,16.185782,O2
200,1000,16.144877,O2
300,1000,54.117737,O2
300,1000,54.093785,O2
300,1000,54.158409,O2
300,1000,54.175849,O2
300,1000,54.089109,O2
300,1000,54.109109,O2
300,1000,54.100231,O2
300,1000,53.962657,O2
300,1000,54.175057,O2
300,1000,54.196570,O2
300,1000,54.045113,O2
300,1000,53.990837,O2
300,1000,54.147428,O2
300,1000,54.097619,O2
300,1000,54.207590,O2
300,1000,54.119692,O2
300,1000,54.064423,O2
300,1000,54.096789,O2
300,1000,54.120735,O2
300,1000,53.910989,O2
300,1000,54.139174,O2
300,1000,54.095284,O2
300,1000,53.952846,O2
300,1000,54.157387,O2
300,1000,54.116666,O2
300,1000,54.082606,O2
300,1000,54.310120,O2
300,1000,54.131754,O2
300,1000,53.988067,O2
300,1000,54.117036,O2
400,1000,127.554464,O2
400,1000,127.475073,O2
400,1000,127.654091,O2
400,1000,127.592787,O2
400,1000,127.586439,O2
400,1000,127.598349,O2
400,1000,127.548558,O2
400,1000,127.547660,O2
400,1000,127.582174,O2
400,1000,127.663683,O2
400,1000,127.565549,O2
400,1000,127.612094,O2
400,1000,127.638373,O2
400,1000,127.622488,O2
400,1000,127.555027,O2
400,1000,127.573532,O2
400,1000,127.486745,O2
400,1000,127.604201,O2
400,1000,127.483643,O2
400,1000,127.779005,O2
400,1000,127.596913,O2
400,1000,127.590812,O2
400,1000,127.467361,O2
400,1000,127.654977,O2
400,1000,127.542411,O2
400,1000,127.511273,O2
400,1000,127.644736,O2
400,1000,127.540900,O2
400,1000,127.577751,O2
400,1000,127.590983,O2
500,1000,248.525689,O2
500,1000,248.571217,O2
500,1000,248.521445,O2
500,1000,248.574706,O2
500,1000,248.517139,O2
500,1000,248.606604,O2
500,1000,248.477271,O2
500,1000,248.588187,O2
500,1000,248.622046,O2
500,1000,248.561270,O2
500,1000,248.595380,O2
500,1000,248.626137,O2
500,1000,248.588111,O2
500,1000,248.538225,O2
500,1000,248.467900,O2
500,1000,248.584784,O2
500,1000,248.518543,O2
500,1000,248.482529,O2
500,1000,248.554259,O2
500,1000,248.682022,O2
500,1000,248.505786,O2
500,1000,248.482440,O2
500,1000,248.545490,O2
500,1000,248.504711,O2
500,1000,248.569202,O2
500,1000,248.484245,O2
500,1000,248.615541,O2
500,1000,248.533461,O2
500,1000,248.564485,O2
500,1000,248.518277,O2
10,1000,0.006462,O1
10,1000,0.002291,O1
10,1000,0.002480,O1
10,1000,0.002287,O1
10,1000,0.002300,O1
10,1000,0.002293,O1
10,1000,0.002294,O1
10,1000,0.002297,O1
10,1000,0.002294,O1
10,1000,0.002569,O1
10,1000,0.002359,O1
10,1000,0.002328,O1
10,1000,0.002346,O1
10,1000,0.002390,O1
10,1000,0.002386,O1
10,1000,0.002377,O1
10,1000,0.002341,O1
10,1000,0.002390,O1
10,1000,0.002336,O1
10,1000,0.002337,O1
10,1000,0.002337,O1
10,1000,0.002336,O1
10,1000,0.002606,O1
10,1000,0.002373,O1
10,1000,0.002388,O1
10,1000,0.002374,O1
10,1000,0.002385,O1
10,1000,0.002375,O1
10,1000,0.002381,O1
10,1000,0.002374,O1
20,1000,0.018994,O1
20,1000,0.018016,O1
20,1000,0.018078,O1
20,1000,0.017824,O1
20,1000,0.018400,O1
20,1000,0.018020,O1
20,1000,0.017827,O1
20,1000,0.018223,O1
20,1000,0.018272,O1
20,1000,0.018490,O1
20,1000,0.018128,O1
20,1000,0.018355,O1
20,1000,0.018044,O1
20,1000,0.017818,O1
20,1000,0.018366,O1
20,1000,0.018056,O1
20,1000,0.018094,O1
20,1000,0.018053,O1
20,1000,0.017815,O1
20,1000,0.018506,O1
20,1000,0.018351,O1
20,1000,0.018149,O1
20,1000,0.018152,O1
20,1000,0.018191,O1
20,1000,0.018179,O1
20,1000,0.017847,O1
20,1000,0.019401,O1
20,1000,0.018089,O1
20,1000,0.017834,O1
20,1000,0.018065,O1
30,1000,0.061388,O1
30,1000,0.063305,O1
30,1000,0.062472,O1
30,1000,0.063624,O1
30,1000,0.062638,O1
30,1000,0.062651,O1
30,1000,0.063744,O1
30,1000,0.065035,O1
30,1000,0.062799,O1
30,1000,0.063153,O1
30,1000,0.063895,O1
30,1000,0.062169,O1
30,1000,0.062098,O1
30,1000,0.061336,O1
30,1000,0.059988,O1
30,1000,0.061071,O1
30,1000,0.063722,O1
30,1000,0.063754,O1
30,1000,0.064398,O1
30,1000,0.062979,O1
30,1000,0.064469,O1
30,1000,0.068503,O1
30,1000,0.066214,O1
30,1000,0.062365,O1
30,1000,0.062578,O1
30,1000,0.062735,O1
30,1000,0.063703,O1
30,1000,0.063687,O1
30,1000,0.063810,O1
30,1000,0.064453,O1
40,1000,0.151952,O1
40,1000,0.153384,O1
40,1000,0.160350,O1
40,1000,0.151311,O1
40,1000,0.146937,O1
40,1000,0.145693,O1
40,1000,0.143066,O1
40,1000,0.160726,O1
40,1000,0.192038,O1
40,1000,0.174442,O1
40,1000,0.172837,O1
40,1000,0.178912,O1
40,1000,0.177482,O1
40,1000,0.150246,O1
40,1000,0.143266,O1
40,1000,0.145779,O1
40,1000,0.142929,O1
40,1000,0.143029,O1
40,1000,0.145997,O1
40,1000,0.143010,O1
40,1000,0.142870,O1
40,1000,0.142520,O1
40,1000,0.144782,O1
40,1000,0.144364,O1
40,1000,0.144108,O1
40,1000,0.147588,O1
40,1000,0.144774,O1
40,1000,0.145421,O1
40,1000,0.142860,O1
40,1000,0.143707,O1
50,1000,0.281571,O1
50,1000,0.277776,O1
50,1000,0.282353,O1
50,1000,0.277176,O1
50,1000,0.282310,O1
50,1000,0.279074,O1
50,1000,0.283121,O1
50,1000,0.281775,O1
50,1000,0.282979,O1
50,1000,0.280523,O1
50,1000,0.282237,O1
50,1000,0.277069,O1
50,1000,0.277223,O1
50,1000,0.280212,O1
50,1000,0.281769,O1
50,1000,0.279846,O1
50,1000,0.279177,O1
50,1000,0.281151,O1
50,1000,0.278582,O1
50,1000,0.281655,O1
50,1000,0.278372,O1
50,1000,0.284688,O1
50,1000,0.282167,O1
50,1000,0.282890,O1
50,1000,0.279894,O1
50,1000,0.279072,O1
50,1000,0.279834,O1
50,1000,0.280880,O1
50,1000,0.280382,O1
50,1000,0.278121,O1
60,1000,0.489816,O1
60,1000,0.491222,O1
60,1000,0.490047,O1
60,1000,0.489436,O1
60,1000,0.486155,O1
60,1000,0.493525,O1
60,1000,0.495976,O1
60,1000,0.488383,O1
60,1000,0.489930,O1
60,1000,0.489743,O1
60,1000,0.491744,O1
60,1000,0.490157,O1
60,1000,0.487849,O1
60,1000,0.487526,O1
60,1000,0.493374,O1
60,1000,0.489531,O1
60,1000,0.484119,O1
60,1000,0.483970,O1
60,1000,0.482977,O1
60,1000,0.480575,O1
60,1000,0.487532,O1
60,1000,0.482913,O1
60,1000,0.495509,O1
60,1000,0.490466,O1
60,1000,0.486389,O1
60,1000,0.488602,O1
60,1000,0.488825,O1
60,1000,0.490226,O1
60,1000,0.491717,O1
60,1000,0.490445,O1
70,1000,0.766530,O1
70,1000,0.761943,O1
70,1000,0.764723,O1
70,1000,0.763744,O1
70,1000,0.764911,O1
70,1000,0.765539,O1
70,1000,0.770079,O1
70,1000,0.763652,O1
70,1000,0.766845,O1
70,1000,0.766951,O1
70,1000,0.767911,O1
70,1000,0.764175,O1
70,1000,0.764079,O1
70,1000,0.767617,O1
70,1000,0.779030,O1
70,1000,0.759002,O1
70,1000,0.759612,O1
70,1000,0.766935,O1
70,1000,0.761304,O1
70,1000,0.770420,O1
70,1000,0.763422,O1
70,1000,0.768544,O1
70,1000,0.764189,O1
70,1000,0.768081,O1
70,1000,0.769676,O1
70,1000,0.769351,O1
70,1000,0.761201,O1
70,1000,0.768153,O1
70,1000,0.767830,O1
70,1000,0.765612,O1
80,1000,1.144673,O1
80,1000,1.145524,O1
80,1000,1.168782,O1
80,1000,1.156175,O1
80,1000,1.138643,O1
80,1000,1.139641,O1
80,1000,1.136356,O1
80,1000,1.133485,O1
80,1000,1.145051,O1
80,1000,1.136625,O1
80,1000,1.144047,O1
80,1000,1.150964,O1
80,1000,1.146491,O1
80,1000,1.150860,O1
80,1000,1.147589,O1
80,1000,1.145050,O1
80,1000,1.141374,O1
80,1000,1.139726,O1
80,1000,1.138421,O1
80,1000,1.137467,O1
80,1000,1.146012,O1
80,1000,1.148938,O1
80,1000,1.152759,O1
80,1000,1.142875,O1
80,1000,1.147234,O1
80,1000,1.140185,O1
80,1000,1.152572,O1
80,1000,1.154070,O1
80,1000,1.158941,O1
80,1000,1.144579,O1
90,1000,1.660735,O1
90,1000,1.662350,O1
90,1000,1.647223,O1
90,1000,1.639635,O1
90,1000,1.644152,O1
90,1000,1.658091,O1
90,1000,1.671233,O1
90,1000,1.640500,O1
90,1000,1.644851,O1
90,1000,1.652460,O1
90,1000,1.640727,O1
90,1000,1.644056,O1
90,1000,1.643045,O1
90,1000,1.652041,O1
90,1000,1.646976,O1
90,1000,1.644435,O1
90,1000,1.649786,O1
90,1000,1.642933,O1
90,1000,1.639019,O1
90,1000,1.644823,O1
90,1000,1.641335,O1
90,1000,1.655805,O1
90,1000,1.670848,O1
90,1000,1.648221,O1
90,1000,1.651163,O1
90,1000,1.647362,O1
90,1000,1.657456,O1
90,1000,1.648536,O1
90,1000,1.647579,O1
90,1000,1.653697,O1
100,1000,2.260998,O1
100,1000,2.260986,O1
100,1000,2.256499,O1
100,1000,2.256110,O1
100,1000,2.264468,O1
100,1000,2.271000,O1
100,1000,2.255953,O1
100,1000,2.237542,O1
100,1000,2.250789,O1
100,1000,2.269119,O1
100,1000,2.259778,O1
100,1000,2.232729,O1
100,1000,2.260957,O1
100,1000,2.245417,O1
100,1000,2.228826,O1
100,1000,2.244167,O1
100,1000,2.258463,O1
100,1000,2.243182,O1
100,1000,2.259095,O1
100,1000,2.233403,O1
100,1000,2.235165,O1
100,1000,2.252288,O1
100,1000,2.240696,O1
100,1000,2.251863,O1
100,1000,2.241066,O1
100,1000,2.247921,O1
100,1000,2.266287,O1
100,1000,2.276079,O1
100,1000,2.255005,O1
100,1000,2.290921,O1
200,1000,18.030902,O1
200,1000,18.141786,O1
200,1000,18.128881,O1
200,1000,18.169591,O1
200,1000,18.072078,O1
200,1000,18.049247,O1
200,1000,18.034627,O1
200,1000,18.040137,O1
200,1000,18.045740,O1
200,1000,18.074910,O1
200,1000,18.546054,O1
200,1000,18.064874,O1
200,1000,18.036494,O1
200,1000,18.075369,O1
200,1000,18.489451,O1
200,1000,18.349863,O1
200,1000,18.199485,O1
200,1000,18.086734,O1
200,1000,18.115263,O1
200,1000,18.134293,O1
200,1000,18.097848,O1
200,1000,18.214286,O1
200,1000,18.073956,O1
200,1000,18.132111,O1
200,1000,18.107731,O1
200,1000,18.090418,O1
200,1000,18.072176,O1
200,1000,18.135734,O1
200,1000,18.095199,O1
200,1000,18.122026,O1
300,1000,61.849299,O1
300,1000,61.952568,O1
300,1000,61.895377,O1
300,1000,61.945908,O1
300,1000,62.062959,O1
300,1000,61.979145,O1
300,1000,61.816404,O1
300,1000,61.907169,O1
300,1000,62.024682,O1
300,1000,61.976824,O1
300,1000,61.997628,O1
300,1000,61.988195,O1
300,1000,62.048884,O1
300,1000,62.118611,O1
300,1000,61.932913,O1
300,1000,62.014777,O1
300,1000,62.165340,O1
300,1000,61.902258,O1
300,1000,61.940885,O1
300,1000,62.098935,O1
300,1000,62.002583,O1
300,1000,61.845767,O1
300,1000,62.081419,O1
300,1000,61.950516,O1
300,1000,62.029200,O1
300,1000,62.000687,O1
300,1000,61.985624,O1
300,1000,61.942456,O1
300,1000,62.025462,O1
300,1000,61.929518,O1
400,1000,146.630108,O1
400,1000,146.738378,O1
400,1000,146.691370,O1
400,1000,146.842968,O1
400,1000,146.784156,O1
400,1000,146.777966,O1
400,1000,146.752442,O1
400,1000,146.923771,O1
400,1000,146.580766,O1
400,1000,146.693727,O1
400,1000,146.671043,O1
400,1000,146.750632,O1
400,1000,146.600084,O1
400,1000,146.807917,O1
400,1000,146.695465,O1
400,1000,146.706414,O1
400,1000,146.647447,O1
400,1000,146.676561,O1
400,1000,146.658055,O1
400,1000,146.760767,O1
400,1000,146.811231,O1
400,1000,146.633837,O1
400,1000,146.786363,O1
400,1000,146.677977,O1
400,1000,146.733839,O1
400,1000,146.798952,O1
400,1000,146.773632,O1
400,1000,146.738432,O1
400,1000,146.747659,O1
400,1000,146.769164,O1
500,1000,287.471615,O1
500,1000,287.716453,O1
500,1000,287.725115,O1
500,1000,287.660816,O1
500,1000,287.821269,O1
500,1000,287.826549,O1
500,1000,287.875429,O1
500,1000,287.517669,O1
500,1000,287.570915,O1
500,1000,287.599643,O1
500,1000,287.498134,O1
500,1000,287.575948,O1
500,1000,287.731163,O1
500,1000,287.679058,O1
500,1000,287.596778,O1
500,1000,287.310784,O1
500,1000,287.548121,O1
500,1000,287.851050,O1
500,1000,287.338914,O1
500,1000,287.473259,O1
500,1000,287.560944,O1
500,1000,287.486416,O1
500,1000,287.485276,O1
500,1000,287.468184,O1
500,1000,287.471322,O1
500,1000,287.610336,O1
500,1000,287.717422,O1
500,1000,287.603021,O1
500,1000,287.740691,O1
500,1000,287.570855,O1
10,1000,0.004717,Flattened Register O3
10,1000,0.000792,Flattened Register O3
10,1000,0.002983,Flattened Register O3
10,1000,0.003189,Flattened Register O3
10,1000,0.000903,Flattened Register O3
10,1000,0.000802,Flattened Register O3
10,1000,0.000805,Flattened Register O3
10,1000,0.000802,Flattened Register O3
10,1000,0.000798,Flattened Register O3
10,1000,0.000788,Flattened Register O3
10,1000,0.000790,Flattened Register O3
10,1000,0.000792,Flattened Register O3
10,1000,0.000800,Flattened Register O3
10,1000,0.000809,Flattened Register O3
10,1000,0.000797,Flattened Register O3
10,1000,0.000815,Flattened Register O3
10,1000,0.000803,Flattened Register O3
10,1000,0.000805,Flattened Register O3
10,1000,0.000806,Flattened Register O3
10,1000,0.000807,Flattened Register O3
10,1000,0.000816,Flattened Register O3
10,1000,0.000959,Flattened Register O3
10,1000,0.000864,Flattened Register O3
10,1000,0.000812,Flattened Register O3
10,1000,0.000800,Flattened Register O3
10,1000,0.000800,Flattened Register O3
10,1000,0.000800,Flattened Register O3
10,1000,0.000804,Flattened Register O3
10,1000,0.000802,Flattened Register O3
10,1000,0.000794,Flattened Register O3
20,1000,0.005718,Flattened Register O3
20,1000,0.005772,Flattened Register O3
20,1000,0.005643,Flattened Register O3
20,1000,0.005573,Flattened Register O3
20,1000,0.006102,Flattened Register O3
20,1000,0.005721,Flattened Register O3
20,1000,0.005763,Flattened Register O3
20,1000,0.005611,Flattened Register O3
20,1000,0.005510,Flattened Register O3
20,1000,0.005808,Flattened Register O3
20,1000,0.005753,Flattened Register O3
20,1000,0.005712,Flattened Register O3
20,1000,0.005538,Flattened Register O3
20,1000,0.005502,Flattened Register O3
20,1000,0.005524,Flattened Register O3
20,1000,0.005706,Flattened Register O3
20,1000,0.005500,Flattened Register O3
20,1000,0.005543,Flattened Register O3
20,1000,0.005501,Flattened Register O3
20,1000,0.005517,Flattened Register O3
20,1000,0.005699,Flattened Register O3
20,1000,0.005545,Flattened Register O3
20,1000,0.005513,Flattened Register O3
20,1000,0.005508,Flattened Register O3
20,1000,0.005497,Flattened Register O3
20,1000,0.005506,Flattened Register O3
20,1000,0.005736,Flattened Register O3
20,1000,0.005501,Flattened Register O3
20,1000,0.005506,Flattened Register O3
20,1000,0.005499,Flattened Register O3
30,1000,0.017968,Flattened Register O3
30,1000,0.017642,Flattened Register O3
30,1000,0.018058,Flattened Register O3
30,1000,0.017808,Flattened Register O3
30,1000,0.017796,Flattened Register O3
30,1000,0.017878,Flattened Register O3
30,1000,0.017636,Flattened Register O3
30,1000,0.018114,Flattened Register O3
30,1000,0.017625,Flattened Register O3
30,1000,0.017855,Flattened Register O3
30,1000,0.017828,Flattened Register O3
30,1000,0.017991,Flattened Register O3
30,1000,0.018258,Flattened Register O3
30,1000,0.017729,Flattened Register O3
30,1000,0.018293,Flattened Register O3
30,1000,0.018103,Flattened Register O3
30,1000,0.018668,Flattened Register O3
30,1000,0.018380,Flattened Register O3
30,1000,0.018120,Flattened Register O3
30,1000,0.018460,Flattened Register O3
30,1000,0.018069,Flattened Register O3
30,1000,0.018480,Flattened Register O3
30,1000,0.018317,Flattened Register O3
30,1000,0.018404,Flattened Register O3
30,1000,0.018539,Flattened Register O3
30,1000,0.018409,Flattened Register O3
30,1000,0.018554,Flattened Register O3
30,1000,0.018598,Flattened Register O3
30,1000,0.018397,Flattened Register O3
30,1000,0.018608,Flattened Register O3
40,1000,0.052877,Flattened Register O3
40,1000,0.052365,Flattened Register O3
40,1000,0.051608,Flattened Register O3
40,1000,0.050804,Flattened Register O3
40,1000,0.050278,Flattened Register O3
40,1000,0.046690,Flattened Register O3
40,1000,0.050910,Flattened Register O3
40,1000,0.052152,Flattened Register O3
40,1000,0.050993,Flattened Register O3
40,1000,0.051307,Flattened Register O3
40,1000,0.051131,Flattened Register O3
40,1000,0.051978,Flattened Register O3
40,1000,0.051472,Flattened Register O3
40,1000,0.050989,Flattened Register O3
40,1000,0.050100,Flattened Register O3
40,1000,0.050458,Flattened Register O3
40,1000,0.051924,Flattened Register O3
40,1000,0.050721,Flattened Register O3
40,1000,0.050200,Flattened Register O3
40,1000,0.052630,Flattened Register O3
40,1000,0.050875,Flattened Register O3
40,1000,0.054460,Flattened Register O3
40,1000,0.053577,Flattened Register O3
40,1000,0.052144,Flattened Register O3
40,1000,0.053411,Flattened Register O3
40,1000,0.053381,Flattened Register O3
40,1000,0.053326,Flattened Register O3
40,1000,0.051778,Flattened Register O3
40,1000,0.050640,Flattened Register O3
40,1000,0.049975,Flattened Register O3
50,1000,0.096294,Flattened Register O3
50,1000,0.096077,Flattened Register O3
50,1000,0.094249,Flattened Register O3
50,1000,0.096015,Flattened Register O3
50,1000,0.094173,Flattened Register O3
50,1000,0.093120,Flattened Register O3
50,1000,0.093478,Flattened Register O3
50,1000,0.094611,Flattened Register O3
50,1000,0.094911,Flattened Register O3
50,1000,0.094995,Flattened Register O3
50,1000,0.100980,Flattened Register O3
50,1000,0.105537,Flattened Register O3
50,1000,0.103921,Flattened Register O3
50,1000,0.103420,Flattened Register O3
50,1000,0.102752,Flattened Register O3
50,1000,0.102848,Flattened Register O3
50,1000,0.115761,Flattened Register O3
50,1000,0.104156,Flattened Register O3
50,1000,0.101144,Flattened Register O3
50,1000,0.101454,Flattened Register O3
50,1000,0.101485,Flattened Register O3
50,1000,0.104130,Flattened Register O3
50,1000,0.102593,Flattened Register O3
50,1000,0.101401,Flattened Register O3
50,1000,0.109828,Flattened Register O3
50,1000,0.105942,Flattened Register O3
50,1000,0.101610,Flattened Register O3
50,1000,0.105122,Flattened Register O3
50,1000,0.113662,Flattened Register O3
50,1000,0.103665,Flattened Register O3
60,1000,0.228923,Flattened Register O3
60,1000,0.170711,Flattened Register O3
60,1000,0.180568,Flattened Register O3
60,1000,0.170593,Flattened Register O3
60,1000,0.164471,Flattened Register O3
60,1000,0.159484,Flattened Register O3
60,1000,0.162464,Flattened Register O3
60,1000,0.166268,Flattened Register O3
60,1000,0.166143,Flattened Register O3
60,1000,0.167512,Flattened Register O3
60,1000,0.164668,Flattened Register O3
60,1000,0.163153,Flattened Register O3
60,1000,0.160380,Flattened Register O3
60,1000,0.163898,Flattened Register O3
60,1000,0.163598,Flattened Register O3
60,1000,0.162678,Flattened Register O3
60,1000,0.162476,Flattened Register O3
60,1000,0.163065,Flattened Register O3
60,1000,0.165315,Flattened Register O3
60,1000,0.168280,Flattened Register O3
60,1000,0.163738,Flattened Register O3
60,1000,0.168080,Flattened Register O3
60,1000,0.162231,Flattened Register O3
60,1000,0.162215,Flattened Register O3
60,1000,0.163303,Flattened Register O3
60,1000,0.162615,Flattened Register O3
60,1000,0.169407,Flattened Register O3
60,1000,0.165300,Flattened Register O3
60,1000,0.163660,Flattened Register O3
60,1000,0.161437,Flattened Register O3
70,1000,0.249228,Flattened Register O3
70,1000,0.259345,Flattened Register O3
70,1000,0.254707,Flattened Register O3
70,1000,0.245728,Flattened Register O3
70,1000,0.248158,Flattened Register O3
70,1000,0.243845,Flattened Register O3
70,1000,0.242627,Flattened Register O3
70,1000,0.242927,Flattened Register O3
70,1000,0.242892,Flattened Register O3
70,1000,0.243259,Flattened Register O3
70,1000,0.249131,Flattened Register O3
70,1000,0.245081,Flattened Register O3
70,1000,0.243519,Flattened Register O3
70,1000,0.242683,Flattened Register O3
70,1000,0.242311,Flattened Register O3
70,1000,0.242756,Flattened Register O3
70,1000,0.242332,Flattened Register O3
70,1000,0.242827,Flattened Register O3
70,1000,0.246006,Flattened Register O3
70,1000,0.244367,Flattened Register O3
70,1000,0.242383,Flattened Register O3
70,1000,0.242305,Flattened Register O3
70,1000,0.243826,Flattened Register O3
70,1000,0.242999,Flattened Register O3
70,1000,0.246481,Flattened Register O3
70,1000,0.243009,Flattened Register O3
70,1000,0.244811,Flattened Register O3
70,1000,0.244029,Flattened Register O3
70,1000,0.245876,Flattened Register O3
70,1000,0.243669,Flattened Register O3
80,1000,0.358530,Flattened Register O3
80,1000,0.356493,Flattened Register O3
80,1000,0.355737,Flattened Register O3
80,1000,0.357076,Flattened Register O3
80,1000,0.356494,Flattened Register O3
80,1000,0.355580,Flattened Register O3
80,1000,0.359449,Flattened Register O3
80,1000,0.356298,Flattened Register O3
80,1000,0.356756,Flattened Register O3
80,1000,0.356885,Flattened Register O3
80,1000,0.355455,Flattened Register O3
80,1000,0.356898,Flattened Register O3
80,1000,0.356112,Flattened Register O3
80,1000,0.356838,Flattened Register O3
80,1000,0.355874,Flattened Register O3
80,1000,0.356140,Flattened Register O3
80,1000,0.355890,Flattened Register O3
80,1000,0.358475,Flattened Register O3
80,1000,0.358651,Flattened Register O3
80,1000,0.356108,Flattened Register O3
80,1000,0.355975,Flattened Register O3
80,1000,0.357504,Flattened Register O3
80,1000,0.356060,Flattened Register O3
80,1000,0.355967,Flattened Register O3
80,1000,0.356369,Flattened Register O3
80,1000,0.355594,Flattened Register O3
80,1000,0.357603,Flattened Register O3
80,1000,0.355938,Flattened Register O3
80,1000,0.356905,Flattened Register O3
80,1000,0.356691,Flattened Register O3
90,1000,0.498845,Flattened Register O3
90,1000,0.498289,Flattened Register O3
90,1000,0.498543,Flattened Register O3
90,1000,0.497808,Flattened Register O3
90,1000,0.499879,Flattened Register O3
90,1000,0.498333,Flattened Register O3
90,1000,0.497527,Flattened Register O3
90,1000,0.498358,Flattened Register O3
90,1000,0.508359,Flattened Register O3
90,1000,0.501052,Flattened Register O3
90,1000,0.507647,Flattened Register O3
90,1000,0.497523,Flattened Register O3
90,1000,0.497154,Flattened Register O3
90,1000,0.501299,Flattened Register O3
90,1000,0.497791,Flattened Register O3
90,1000,0.501618,Flattened Register O3
90,1000,0.499980,Flattened Register O3
90,1000,0.496662,Flattened Register O3
90,1000,0.497374,Flattened Register O3
90,1000,0.506145,Flattened Register O3
90,1000,0.504583,Flattened Register O3
90,1000,0.498362,Flattened Register O3
90,1000,0.497731,Flattened Register O3
90,1000,0.506240,Flattened Register O3
90,1000,0.505928,Flattened Register O3
90,1000,0.513392,Flattened Register O3
90,1000,0.506048,Flattened Register O3
90,1000,0.498828,Flattened Register O3
90,1000,0.497766,Flattened Register O3
90,1000,0.497239,Flattened Register O3
100,1000,0.676172,Flattened Register O3
100,1000,0.675753,Flattened Register O3
100,1000,0.675747,Flattened Register O3
100,1000,0.675874,Flattened Register O3
100,1000,0.683072,Flattened Register O3
100,1000,0.676585,Flattened Register O3
100,1000,0.675128,Flattened Register O3
100,1000,0.676951,Flattened Register O3
100,1000,0.676089,Flattened Register O3
100,1000,0.675548,Flattened Register O3
100,1000,0.675456,Flattened Register O3
100,1000,0.674627,Flattened Register O3
100,1000,0.675005,Flattened Register O3
100,1000,0.683627,Flattened Register O3
100,1000,0.676510,Flattened Register O3
100,1000,0.675914,Flattened Register O3
100,1000,0.675266,Flattened Register O3
100,1000,0.678706,Flattened Register O3
100,1000,0.683027,Flattened Register O3
100,1000,0.675670,Flattened Register O3
100,1000,0.675447,Flattened Register O3
100,1000,0.684611,Flattened Register O3
100,1000,0.677756,Flattened Register O3
100,1000,0.676874,Flattened Register O3
100,1000,0.679923,Flattened Register O3
100,1000,0.686855,Flattened Register O3
100,1000,0.676089,Flattened Register O3
100,1000,0.677351,Flattened Register O3
100,1000,0.675179,Flattened Register O3
100,1000,0.675588,Flattened Register O3
200,1000,6.018961,Flattened Register O3
200,1000,5.877047,Flattened Register O3
200,1000,5.766377,Flattened Register O3
200,1000,5.843963,Flattened Register O3
200,1000,5.926834,Flattened Register O3
200,1000,5.958845,Flattened Register O3
200,1000,5.768124,Flattened Register O3
200,1000,5.774993,Flattened Register O3
200,1000,5.995956,Flattened Register O3
200,1000,6.015003,Flattened Register O3
200,1000,5.906611,Flattened Register O3
200,1000,5.898036,Flattened Register O3
200,1000,5.767535,Flattened Register O3
200,1000,5.885424,Flattened Register O3
200,1000,5.802583,Flattened Register O3
200,1000,5.776997,Flattened Register O3
200,1000,5.773034,Flattened Register O3
200,1000,5.836836,Flattened Register O3
200,1000,5.764922,Flattened Register O3
200,1000,5.746996,Flattened Register O3
200,1000,5.762605,Flattened Register O3
200,1000,5.748191,Flattened Register O3
200,1000,5.752343,Flattened Register O3
200,1000,5.765089,Flattened Register O3
200,1000,5.756036,Flattened Register O3
200,1000,5.762456,Flattened Register O3
200,1000,5.768906,Flattened Register O3
200,1000,5.766801,Flattened Register O3
200,1000,5.770171,Flattened Register O3
200,1000,5.787022,Flattened Register O3
300,1000,21.909305,Flattened Register O3
300,1000,21.695576,Flattened Register O3
300,1000,21.798554,Flattened Register O3
300,1000,21.703005,Flattened Register O3
300,1000,21.739116,Flattened Register O3
300,1000,21.721664,Flattened Register O3
300,1000,21.795848,Flattened Register O3
300,1000,21.815596,Flattened Register O3
300,1000,21.935371,Flattened Register O3
300,1000,21.780689,Flattened Register O3
300,1000,21.769950,Flattened Register O3
300,1000,21.870391,Flattened Register O3
300,1000,21.822830,Flattened Register O3
300,1000,21.806817,Flattened Register O3
300,1000,21.797998,Flattened Register O3
300,1000,21.805704,Flattened Register O3
300,1000,21.864493,Flattened Register O3
300,1000,21.841984,Flattened Register O3
300,1000,21.856079,Flattened Register O3
300,1000,21.683354,Flattened Register O3
300,1000,21.833033,Flattened Register O3
300,1000,21.804764,Flattened Register O3
300,1000,21.734844,Flattened Register O3
300,1000,21.911742,Flattened Register O3
300,1000,21.808451,Flattened Register O3
300,1000,21.698474,Flattened Register O3
300,1000,21.697231,Flattened Register O3
300,1000,21.832223,Flattened Register O3
300,1000,21.806747,Flattened Register O3
300,1000,21.923765,Flattened Register O3
400,1000,71.508345,Flattened Register O3
400,1000,71.717836,Flattened Register O3
400,1000,72.019482,Flattened Register O3
400,1000,71.689552,Flattened Register O3
400,1000,71.849653,Flattened Register O3
400,1000,71.991155,Flattened Register O3
400,1000,72.331963,Flattened Register O3
400,1000,71.352028,Flattened Register O3
400,1000,71.849843,Flattened Register O3
400,1000,71.806766,Flattened Register O3
400,1000,71.605356,Flattened Register O3
400,1000,71.633398,Flattened Register O3
400,1000,71.835616,Flattened Register O3
400,1000,71.999049,Flattened Register O3
400,1000,71.317969,Flattened Register O3
400,1000,71.380593,Flattened Register O3
400,1000,72.013535,Flattened Register O3
400,1000,71.408088,Flattened Register O3
400,1000,71.581144,Flattened Register O3
400,1000,71.614308,Flattened Register O3
400,1000,71.564455,Flattened Register O3
400,1000,71.860491,Flattened Register O3
400,1000,71.540709,Flattened Register O3
400,1000,71.662239,Flattened Register O3
400,1000,72.067457,Flattened Register O3
400,1000,71.741781,Flattened Register O3
400,1000,71.927110,Flattened Register O3
400,1000,71.505895,Flattened Register O3
400,1000,72.075268,Flattened Register O3
400,1000,71.624785,Flattened Register O3
500,1000,102.683933,Flattened Register O3
500,1000,102.532280,Flattened Register O3
500,1000,102.326152,Flattened Register O3
500,1000,102.295932,Flattened Register O3
500,1000,102.392371,Flattened Register O3
500,1000,102.760713,Flattened Register O3
500,1000,102.233246,Flattened Register O3
500,1000,102.297395,Flattened Register O3
500,1000,102.267245,Flattened Register O3
500,1000,102.175463,Flattened Register O3
500,1000,102.684405,Flattened Register O3
500,1000,102.632088,Flattened Register O3
500,1000,102.265683,Flattened Register O3
500,1000,102.058989,Flattened Register O3
500,1000,102.581841,Flattened Register O3
500,1000,102.482119,Flattened Register O3
500,1000,102.270737,Flattened Register O3
500,1000,101.813832,Flattened Register O3
500,1000,102.098604,Flattened Register O3
500,1000,102.237915,Flattened Register O3
500,1000,102.292085,Flattened Register O3
500,1000,102.606929,Flattened Register O3
500,1000,102.236845,Flattened Register O3
500,1000,102.058084,Flattened Register O3
500,1000,102.422305,Flattened Register O3
500,1000,102.276281,Flattened Register O3
500,1000,102.522940,Flattened Register O3
500,1000,102.634470,Flattened Register O3
500,1000,102.379817,Flattened Register O3
500,1000,101.969824,Flattened Register O3
10,1000,0.008258,Flattened Register
10,1000,0.008475,Flattened Register
10,1000,0.002333,Flattened Register
10,1000,0.005837,Flattened Register
10,1000,0.005147,Flattened Register
10,1000,0.007446,Flattened Register
10,1000,0.006034,Flattened Register
10,1000,0.003158,Flattened Register
10,1000,0.002138,Flattened Register
10,1000,0.001589,Flattened Register
10,1000,0.001316,Flattened Register
10,1000,0.001312,Flattened Register
10,1000,0.001312,Flattened Register
10,1000,0.001332,Flattened Register
10,1000,0.001502,Flattened Register
10,1000,0.001315,Flattened Register
10,1000,0.001322,Flattened Register
10,1000,0.001313,Flattened Register
10,1000,0.001313,Flattened Register
10,1000,0.001317,Flattened Register
10,1000,0.001312,Flattened Register
10,1000,0.001314,Flattened Register
10,1000,0.001323,Flattened Register
10,1000,0.001338,Flattened Register
10,1000,0.001336,Flattened Register
10,1000,0.001318,Flattened Register
10,1000,0.001337,Flattened Register
10,1000,0.001337,Flattened Register
10,1000,0.001326,Flattened Register
10,1000,0.001313,Flattened Register
20,1000,0.009377,Flattened Register
20,1000,0.009748,Flattened Register
20,1000,0.009542,Flattened Register
20,1000,0.009553,Flattened Register
20,1000,0.009695,Flattened Register
20,1000,0.009584,Flattened Register
20,1000,0.009202,Flattened Register
20,1000,0.009706,Flattened Register
20,1000,0.009354,Flattened Register
20,1000,0.009180,Flattened Register
20,1000,0.009452,Flattened Register
20,1000,0.009381,Flattened Register
20,1000,0.009292,Flattened Register
20,1000,0.009203,Flattened Register
20,1000,0.009588,Flattened Register
20,1000,0.009361,Flattened Register
20,1000,0.009172,Flattened Register
20,1000,0.009502,Flattened Register
20,1000,0.009372,Flattened Register
20,1000,0.009178,Flattened Register
20,1000,0.009467,Flattened Register
20,1000,0.009191,Flattened Register
20,1000,0.009175,Flattened Register
20,1000,0.009395,Flattened Register
20,1000,0.009282,Flattened Register
20,1000,0.009191,Flattened Register
20,1000,0.009190,Flattened Register
20,1000,0.009579,Flattened Register
20,1000,0.009364,Flattened Register
20,1000,0.009212,Flattened Register
30,1000,0.029615,Flattened Register
30,1000,0.029882,Flattened Register
30,1000,0.029806,Flattened Register
30,1000,0.029994,Flattened Register
30,1000,0.029980,Flattened Register
30,1000,0.029882,Flattened Register
30,1000,0.029586,Flattened Register
30,1000,0.029617,Flattened Register
30,1000,0.029726,Flattened Register
30,1000,0.030109,Flattened Register
30,1000,0.030167,Flattened Register
30,1000,0.030046,Flattened Register
30,1000,0.029902,Flattened Register
30,1000,0.030466,Flattened Register
30,1000,0.030935,Flattened Register
30,1000,0.030558,Flattened Register
30,1000,0.030455,Flattened Register
30,1000,0.030302,Flattened Register
30,1000,0.030356,Flattened Register
30,1000,0.030391,Flattened Register
30,1000,0.030050,Flattened Register
30,1000,0.030170,Flattened Register
30,1000,0.030309,Flattened Register
30,1000,0.030285,Flattened Register
30,1000,0.030358,Flattened Register
30,1000,0.030966,Flattened Register
30,1000,0.031125,Flattened Register
30,1000,0.031010,Flattened Register
30,1000,0.031339,Flattened Register
30,1000,0.031058,Flattened Register
40,1000,0.072843,Flattened Register
40,1000,0.072405,Flattened Register
40,1000,0.074814,Flattened Register
40,1000,0.070627,Flattened Register
40,1000,0.072225,Flattened Register
40,1000,0.073395,Flattened Register
40,1000,0.072255,Flattened Register
40,1000,0.075647,Flattened Register
40,1000,0.076931,Flattened Register
40,1000,0.078284,Flattened Register
40,1000,0.072503,Flattened Register
40,1000,0.071911,Flattened Register
40,1000,0.073665,Flattened Register
40,1000,0.072568,Flattened Register
40,1000,0.070167,Flattened Register
40,1000,0.072304,Flattened Register
40,1000,0.085542,Flattened Register
40,1000,0.071836,Flattened Register
40,1000,0.071025,Flattened Register
40,1000,0.073129,Flattened Register
40,1000,0.073381,Flattened Register
40,1000,0.076177,Flattened Register
40,1000,0.078462,Flattened Register
40,1000,0.074535,Flattened Register
40,1000,0.074069,Flattened Register
40,1000,0.078093,Flattened Register
40,1000,0.072303,Flattened Register
40,1000,0.070685,Flattened Register
40,1000,0.074012,Flattened Register
40,1000,0.079169,Flattened Register
50,1000,0.146522,Flattened Register
50,1000,0.140615,Flattened Register
50,1000,0.135219,Flattened Register
50,1000,0.140881,Flattened Register
50,1000,0.148992,Flattened Register
50,1000,0.153788,Flattened Register
50,1000,0.143101,Flattened Register
50,1000,0.143260,Flattened Register
50,1000,0.141445,Flattened Register
50,1000,0.141933,Flattened Register
50,1000,0.145342,Flattened Register
50,1000,0.150998,Flattened Register
50,1000,0.141106,Flattened Register
50,1000,0.141050,Flattened Register
50,1000,0.140593,Flattened Register
50,1000,0.138900,Flattened Register
50,1000,0.138569,Flattened Register
50,1000,0.137993,Flattened Register
50,1000,0.137920,Flattened Register
50,1000,0.135115,Flattened Register
50,1000,0.136280,Flattened Register
50,1000,0.137873,Flattened Register
50,1000,0.134814,Flattened Register
50,1000,0.142621,Flattened Register
50,1000,0.154800,Flattened Register
50,1000,0.139096,Flattened Register
50,1000,0.145827,Flattened Register
50,1000,0.136773,Flattened Register
50,1000,0.141904,Flattened Register
50,1000,0.144444,Flattened Register
60,1000,0.239669,Flattened Register
60,1000,0.237866,Flattened Register
60,1000,0.237506,Flattened Register
60,1000,0.242832,Flattened Register
60,1000,0.238438,Flattened Register
60,1000,0.238494,Flattened Register
60,1000,0.239356,Flattened Register
60,1000,0.239803,Flattened Register
60,1000,0.239579,Flattened Register
60,1000,0.246627,Flattened Register
60,1000,0.240020,Flattened Register
60,1000,0.239165,Flattened Register
60,1000,0.238548,Flattened Register
60,1000,0.242783,Flattened Register
60,1000,0.238853,Flattened Register
60,1000,0.232252,Flattened Register
60,1000,0.227878,Flattened Register
60,1000,0.230366,Flattened Register
60,1000,0.237131,Flattened Register
60,1000,0.262737,Flattened Register
60,1000,0.273441,Flattened Register
60,1000,0.236919,Flattened Register
60,1000,0.231023,Flattened Register
60,1000,0.230817,Flattened Register
60,1000,0.235378,Flattened Register
60,1000,0.265298,Flattened Register
60,1000,0.237547,Flattened Register
60,1000,0.263037,Flattened Register
60,1000,0.231909,Flattened Register
60,1000,0.234520,Flattened Register
70,1000,0.391692,Flattened Register
70,1000,0.389317,Flattened Register
70,1000,0.389797,Flattened Register
70,1000,0.389143,Flattened Register
70,1000,0.389569,Flattened Register
70,1000,0.388399,Flattened Register
70,1000,0.388928,Flattened Register
70,1000,0.388363,Flattened Register
70,1000,0.396289,Flattened Register
70,1000,0.412947,Flattened Register
70,1000,0.430829,Flattened Register
70,1000,0.392463,Flattened Register
70,1000,0.399612,Flattened Register
70,1000,0.398511,Flattened Register
70,1000,0.420772,Flattened Register
70,1000,0.408521,Flattened Register
70,1000,0.398453,Flattened Register
70,1000,0.397612,Flattened Register
70,1000,0.390773,Flattened Register
70,1000,0.404529,Flattened Register
70,1000,0.406761,Flattened Register
70,1000,0.394463,Flattened Register
70,1000,0.459672,Flattened Register
70,1000,0.414069,Flattened Register
70,1000,0.399237,Flattened Register
70,1000,0.448030,Flattened Register
70,1000,0.393398,Flattened Register
70,1000,0.394586,Flattened Register
70,1000,0.396068,Flattened Register
70,1000,0.392911,Flattened Register
80,1000,0.545129,Flattened Register
80,1000,0.552388,Flattened Register
80,1000,0.559580,Flattened Register
80,1000,0.536922,Flattened Register
80,1000,0.541711,Flattened Register
80,1000,0.552099,Flattened Register
80,1000,0.541980,Flattened Register
80,1000,0.545836,Flattened Register
80,1000,0.538531,Flattened Register
80,1000,0.539494,Flattened Register
80,1000,0.532802,Flattened Register
80,1000,0.549455,Flattened Register
80,1000,0.542268,Flattened Register
80,1000,0.547403,Flattened Register
80,1000,0.539647,Flattened Register
80,1000,0.545160,Flattened Register
80,1000,0.540314,Flattened Register
80,1000,0.532946,Flattened Register
80,1000,0.539265,Flattened Register
80,1000,0.552116,Flattened Register
80,1000,0.550271,Flattened Register
80,1000,0.556919,Flattened Register
80,1000,0.551151,Flattened Register
80,1000,0.552117,Flattened Register
80,1000,0.541449,Flattened Register
80,1000,0.542070,Flattened Register
80,1000,0.545102,Flattened Register
80,1000,0.540178,Flattened Register
80,1000,0.544024,Flattened Register
80,1000,0.558734,Flattened Register
90,1000,0.788202,Flattened Register
90,1000,0.785211,Flattened Register
90,1000,0.776512,Flattened Register
90,1000,0.776081,Flattened Register
90,1000,0.764515,Flattened Register
90,1000,0.767689,Flattened Register
90,1000,0.771755,Flattened Register
90,1000,0.775659,Flattened Register
90,1000,0.763817,Flattened Register
90,1000,0.764579,Flattened Register
90,1000,0.766194,Flattened Register
90,1000,0.778892,Flattened Register
90,1000,0.775929,Flattened Register
90,1000,0.785757,Flattened Register
90,1000,0.767069,Flattened Register
90,1000,0.767580,Flattened Register
90,1000,0.772683,Flattened Register
90,1000,0.756790,Flattened Register
90,1000,0.765916,Flattened Register
90,1000,0.766440,Flattened Register
90,1000,0.757014,Flattened Register
90,1000,0.779497,Flattened Register
90,1000,0.775775,Flattened Register
90,1000,0.774676,Flattened Register
90,1000,0.766518,Flattened Register
90,1000,0.768457,Flattened Register
90,1000,0.757095,Flattened Register
90,1000,0.773581,Flattened Register
90,1000,0.765321,Flattened Register
90,1000,0.769813,Flattened Register
100,1000,1.042327,Flattened Register
100,1000,1.043129,Flattened Register
100,1000,1.057124,Flattened Register
100,1000,1.043467,Flattened Register
100,1000,1.064823,Flattened Register
100,1000,1.052221,Flattened Register
100,1000,1.060089,Flattened Register
100,1000,1.038920,Flattened Register
100,1000,1.044092,Flattened Register
100,1000,1.041798,Flattened Register
100,1000,1.041770,Flattened Register
100,1000,1.059297,Flattened Register
100,1000,1.064988,Flattened Register
100,1000,1.049651,Flattened Register
100,1000,1.046425,Flattened Register
100,1000,1.045556,Flattened Register
100,1000,1.037406,Flattened Register
100,1000,1.039908,Flattened Register
100,1000,1.065665,Flattened Register
100,1000,1.060359,Flattened Register
100,1000,1.045226,Flattened Register
100,1000,1.062465,Flattened Register
100,1000,1.039622,Flattened Register
100,1000,1.052114,Flattened Register
100,1000,1.057740,Flattened Register
100,1000,1.069389,Flattened Register
100,1000,1.043874,Flattened Register
100,1000,1.035978,Flattened Register
100,1000,1.063916,Flattened Register
100,1000,1.036734,Flattened Register
200,1000,8.747319,Flattened Register
200,1000,8.517543,Flattened Register
200,1000,8.545991,Flattened Register
200,1000,8.564149,Flattened Register
200,1000,8.550460,Flattened Register
200,1000,8.559484,Flattened Register
200,1000,8.554233,Flattened Register
200,1000,8.697853,Flattened Register
200,1000,8.713898,Flattened Register
200,1000,8.690611,Flattened Register
200,1000,8.535866,Flattened Register
200,1000,8.521200,Flattened Register
200,1000,8.544980,Flattened Register
200,1000,8.524246,Flattened Register
200,1000,8.528212,Flattened Register
200,1000,8.533225,Flattened Register
200,1000,8.780444,Flattened Register
200,1000,8.935160,Flattened Register
200,1000,8.833685,Flattened Register
200,1000,8.799966,Flattened Register
200,1000,8.572414,Flattened Register
200,1000,8.563453,Flattened Register
200,1000,8.568067,Flattened Register
200,1000,8.579659,Flattened Register
200,1000,8.518642,Flattened Register
200,1000,8.528380,Flattened Register
200,1000,8.518908,Flattened Register
200,1000,8.511971,Flattened Register
200,1000,8.547461,Flattened Register
200,1000,8.522331,Flattened Register
300,1000,31.612341,Flattened Register
300,1000,31.548348,Flattened Register
300,1000,31.644887,Flattened Register
300,1000,31.679251,Flattened Register
300,1000,31.651301,Flattened Register
300,1000,31.670797,Flattened Register
300,1000,31.649400,Flattened Register
300,1000,31.612739,Flattened Register
300,1000,31.556977,Flattened Register
300,1000,31.681389,Flattened Register
300,1000,31.553925,Flattened Register
300,1000,31.690372,Flattened Register
300,1000,31.624801,Flattened Register
300,1000,31.670490,Flattened Register
300,1000,31.646385,Flattened Register
300,1000,31.648959,Flattened Register
300,1000,31.713634,Flattened Register
300,1000,31.654195,Flattened Register
300,1000,31.683985,Flattened Register
300,1000,31.633496,Flattened Register
300,1000,31.668081,Flattened Register
300,1000,31.570603,Flattened Register
300,1000,31.707964,Flattened Register
300,1000,31.616329,Flattened Register
300,1000,31.734921,Flattened Register
300,1000,31.601850,Flattened Register
300,1000,31.623263,Flattened Register
300,1000,31.584768,Flattened Register
300,1000,31.642119,Flattened Register
300,1000,31.616048,Flattened Register
400,1000,85.237067,Flattened Register
400,1000,85.008786,Flattened Register
400,1000,85.106049,Flattened Register
400,1000,84.999481,Flattened Register
400,1000,85.698069,Flattened Register
400,1000,84.859435,Flattened Register
400,1000,85.157558,Flattened Register
400,1000,85.511632,Flattened Register
400,1000,84.772738,Flattened Register
400,1000,84.876285,Flattened Register
400,1000,85.657867,Flattened Register
400,1000,84.990153,Flattened Register
400,1000,85.067804,Flattened Register
400,1000,85.192932,Flattened Register
400,1000,85.562569,Flattened Register
400,1000,85.582442,Flattened Register
400,1000,85.286721,Flattened Register
400,1000,85.218725,Flattened Register
400,1000,85.717670,Flattened Register
400,1000,85.249089,Flattened Register
400,1000,85.251262,Flattened Register
400,1000,85.244670,Flattened Register
400,1000,85.453165,Flattened Register
400,1000,85.124622,Flattened Register
400,1000,85.260402,Flattened Register
400,1000,85.508650,Flattened Register
400,1000,85.430823,Flattened Register
400,1000,85.034921,Flattened Register
400,1000,85.118734,Flattened Register
400,1000,84.993597,Flattened Register
500,1000,147.662401,Flattened Register
500,1000,147.624343,Flattened Register
500,1000,147.648225,Flattened Register
500,1000,147.858438,Flattened Register
500,1000,147.929438,Flattened Register
500,1000,147.713838,Flattened Register
500,1000,147.501542,Flattened Register
500,1000,147.371998,Flattened Register
500,1000,147.801758,Flattened Register
500,1000,147.785489,Flattened Register
500,1000,147.636761,Flattened Register
500,1000,147.784665,Flattened Register
500,1000,147.569570,Flattened Register
500,1000,147.645781,Flattened Register
500,1000,147.695861,Flattened Register
500,1000,147.342987,Flattened Register
500,1000,147.568718,Flattened Register
500,1000,147.809277,Flattened Register
500,1000,147.662675,Flattened Register
500,1000,147.810069,Flattened Register
500,1000,147.542583,Flattened Register
500,1000,147.409015,Flattened Register
500,1000,147.798870,Flattened Register
500,1000,147.737200,Flattened Register
500,1000,147.609956,Flattened Register
500,1000,147.597571,Flattened Register
500,1000,147.768054,Flattened Register
500,1000,147.720539,Flattened Register
500,1000,147.699419,Flattened Register
500,1000,147.822639,Flattened Register

